cutoff	SLX-16110-16111.i701_i502.bowtie2.sorted.uniq.bam	SLX-16110-16111.i701_i503.bowtie2.sorted.uniq.bam	SLX-16110-16111.i701_i507.bowtie2.sorted.uniq.bam	SLX-16110-16111.i701_i508.bowtie2.sorted.uniq.bam	SLX-16110-16111.i704_i502.bowtie2.sorted.uniq.bam	SLX-16110-16111.i704_i503.bowtie2.sorted.uniq.bam	SLX-16110-16111.i704_i507.bowtie2.sorted.uniq.bam	SLX-16110-16111.i704_i508.bowtie2.sorted.uniq.bam	SLX-16110-16111.i705_i502.bowtie2.sorted.uniq.bam	SLX-16110-16111.i705_i503.bowtie2.sorted.uniq.bam
0	0	0	0	0	0	0	0	0	0	0
0.05	0	0	0	0	0	0	0	0	0	0
0.1	0.0307402645466223	0.0305114263782243	0	0	0.0504198486130599	0.0514601904728312	0	0	0	0.0292990135754919
0.15	0.0874920678212048	0.0875115463554869	0.0670294778621544	0.0763018501588728	0.0504198486130599	0.0514601904728312	0.0817755224517487	0.0683794647723658	0.0564216960725637	0.0813101730611691
0.2	0.0874920678212048	0.0875115463554869	0.0670294778621544	0.0763018501588728	0.133037473742534	0.135840183869669	0.0817755224517487	0.0683794647723658	0.0564216960725637	0.0813101730611691
0.25	0.158376485761237	0.159567793559899	0.168385634253396	0.0763018501588728	0.133037473742534	0.135840183869669	0.0817755224517487	0.174295164752999	0.144241201836856	0.14564871483273
0.3	0.233203704142019	0.236019518436894	0.168385634253396	0.191062811659866	0.226478456399548	0.230886048418621	0.198971647810684	0.174295164752999	0.144241201836856	0.21366313764646
0.35	0.233203704142019	0.236019518436894	0.274238376568006	0.191062811659866	0.226478456399548	0.230886048418621	0.198971647810684	0.174295164752999	0.239999563408753	0.27971279501847
0.4	0.305041901664364	0.309792430599558	0.274238376568006	0.309118788020671	0.316429986732459	0.321699324890297	0.198971647810684	0.286793914447663	0.239999563408753	0.27971279501847
0.45	0.370381702197981	0.376966010907443	0.274238376568006	0.309118788020671	0.316429986732459	0.321699324890297	0.316188278028737	0.286793914447663	0.329686114575755	0.340730773151707
0.5	0.370381702197981	0.376966010907443	0.369527317338658	0.309118788020671	0.396294954968132	0.401539790912909	0.316188278028737	0.389070900766071	0.329686114575755	0.394830512421816
0.55	0.428046895815526	0.435763023357122	0.369527317338658	0.412436523227386	0.396294954968132	0.401539790912909	0.418386640159561	0.389070900766071	0.407383911262419	0.394830512421816
0.6	0.47786608158728	0.487004380334906	0.449081722766511	0.412436523227386	0.464218845944463	0.469852545695548	0.418386640159561	0.474969537478062	0.407383911262419	0.44229383060606
0.65	0.47786608158728	0.487004380334906	0.449081722766511	0.496089679003279	0.464218845944463	0.469852545695548	0.418386640159561	0.474969537478062	0.471653643925447	0.482942238498259
0.7	0.520825249152028	0.530824546649018	0.512941702863646	0.496089679003279	0.520975793024811	0.526273729503496	0.501239672855029	0.474969537478062	0.471653643925447	0.518151466397139
0.75	0.557481017238463	0.568167469621287	0.512941702863646	0.496089679003279	0.520975793024811	0.526273729503496	0.501239672855029	0.544722741984033	0.523700984008715	0.518151466397139
0.8	0.588888066145127	0.568167469621287	0.512941702863646	0.561402333433576	0.568041708599295	0.572690240153301	0.501239672855029	0.544722741984033	0.523700984008715	0.548397739284366
0.85	0.588888066145127	0.600446085363237	0.563539215259138	0.561402333433576	0.568041708599295	0.572690240153301	0.567073940521974	0.600347437092792	0.566397136785172	0.574424912137839
0.9	0.615965359640483	0.627963394704224	0.563539215259138	0.611803239035741	0.60728020048729	0.611379580944094	0.567073940521974	0.600347437092792	0.566397136785172	0.597064388925695
0.95	0.639464152052894	0.651685476694123	0.603333879659359	0.611803239035741	0.60728020048729	0.611379580944094	0.618961017448431	0.644723285852075	0.601147534788549	0.597064388925695
1	0.639464152052894	0.651685476694123	0.603333879659359	0.611803239035741	0.639265073400961	0.643590082715877	0.618961017448431	0.644723285852075	0.601147534788549	0.616816825296439
1.05	0.660102040011262	0.672653978585803	0.635481708566645	0.65069806415368	0.639265073400961	0.643590082715877	0.618961017448431	0.644723285852075	0.629870914177797	0.633970890687437
1.1	0.678362970566308	0.691057893688495	0.635481708566645	0.65069806415368	0.666410718037473	0.670592119507445	0.659602988402293	0.68013512519724	0.629870914177797	0.633970890687437
1.15	0.678362970566308	0.691057893688495	0.635481708566645	0.68137617806128	0.666410718037473	0.670592119507445	0.659602988402293	0.68013512519724	0.653753176227072	0.649257705678012
1.2	0.694243035081965	0.707396933124905	0.661410295686859	0.68137617806128	0.689267336892239	0.6935264513487	0.659602988402293	0.709240341672091	0.653753176227072	0.662765649762652
1.25	0.708631231116856	0.721663088703964	0.661410295686859	0.68137617806128	0.689267336892239	0.6935264513487	0.692196065050528	0.709240341672091	0.673966939127751	0.675138502156508
1.3	0.708631231116856	0.721663088703964	0.683067627555025	0.705682307323367	0.70916091024077	0.71318457603091	0.692196065050528	0.709240341672091	0.673966939127751	0.675138502156508
1.35	0.721550576194483	0.734739882305798	0.683067627555025	0.705682307323367	0.70916091024077	0.71318457603091	0.718805475360264	0.733136721095246	0.691509360814968	0.686148704693656
1.4	0.733333811055521	0.745980033686818	0.700840512218685	0.725832156228669	0.726419160666481	0.730241505285958	0.718805475360264	0.733136721095246	0.691509360814968	0.696379132943868
1.45	0.743788688711231	0.745980033686818	0.700840512218685	0.725832156228669	0.726419160666481	0.730241505285958	0.718805475360264	0.753287741427161	0.706576701411024	0.696379132943868
1.5	0.743788688711231	0.756373209659682	0.716308108515563	0.725832156228669	0.741702079664834	0.744978118451332	0.740774086575537	0.753287741427161	0.706576701411024	0.705603751332353
1.55	0.753339006646203	0.765624199180892	0.716308108515563	0.742496420384882	0.754913130300101	0.744978118451332	0.740774086575537	0.769896762022498	0.71996172412767	0.714168326464025
1.6	0.762186421528595	0.765624199180892	0.716308108515563	0.742496420384882	0.754913130300101	0.757930506121641	0.740774086575537	0.769896762022498	0.71996172412767	0.72219577296865
1.65	0.762186421528595	0.774253825876881	0.7299190031325	0.756845492482652	0.766734842250135	0.757930506121641	0.759392498652443	0.769896762022498	0.731883136467407	0.72219577296865
1.7	0.770202382661118	0.782225834482629	0.7299190031325	0.756845492482652	0.766734842250135	0.76945067368914	0.759392498652443	0.78441827519581	0.731883136467407	0.729705192444099
1.75	0.777646162902832	0.789462909553451	0.74174108341753	0.756845492482652	0.777213065722888	0.76945067368914	0.775034355690421	0.78441827519581	0.731883136467407	0.736582805807411
1.8	0.777646162902832	0.789462909553451	0.74174108341753	0.769189503375371	0.777213065722888	0.779784525282569	0.775034355690421	0.797261837228808	0.742480565253865	0.742958171722396
1.85	0.784640088086181	0.796193430138288	0.752341191437942	0.769189503375371	0.786755325878903	0.779784525282569	0.775034355690421	0.797261837228808	0.742480565253865	0.742958171722396
1.9	0.791112065590388	0.802604496701207	0.752341191437942	0.779946226421368	0.786755325878903	0.789130743600369	0.788614737284509	0.808394579574634	0.751883134408014	0.748978912320413
1.95	0.791112065590388	0.802604496701207	0.752341191437942	0.779946226421368	0.795435911662707	0.789130743600369	0.788614737284509	0.808394579574634	0.751883134408014	0.754726555435847
2	0.797043420820914	0.808348116939391	0.761952034419001	0.779946226421368	0.795435911662707	0.7974738494185	0.788614737284509	0.808394579574634	0.760567696304657	0.754726555435847
2.05	0.802902611048513	0.813860082050469	0.761952034419001	0.789601432924982	0.80316921667338	0.7974738494185	0.800246219131811	0.818311658615449	0.760567696304657	0.760288096389431
2.1	0.808326639794071	0.813860082050469	0.770812889329331	0.789601432924982	0.80316921667338	0.805306238813077	0.800246219131811	0.818311658615449	0.76859520896709	0.765418536425882
2.15	0.808326639794071	0.81906009171854	0.770812889329331	0.798499378170075	0.810413162608053	0.805306238813077	0.810658935039266	0.827066988226676	0.76859520896709	0.770363843222112
2.2	0.813190720232064	0.823948000340129	0.778790747680593	0.798499378170075	0.810413162608053	0.812444708309698	0.810658935039266	0.827066988226676	0.776226185569197	0.770363843222112
2.25	0.817855677377126	0.823948000340129	0.778790747680593	0.798499378170075	0.816971870413771	0.812444708309698	0.810658935039266	0.834803629349673	0.776226185569197	0.775067819323522
2.3	0.817855677377126	0.828590348702847	0.778790747680593	0.806536434290587	0.816971870413771	0.818810294271805	0.820029655655066	0.834803629349673	0.783164897322285	0.779528250052096
2.35	0.82241169938738	0.832786058409124	0.786132724029978	0.806536434290587	0.823186604929459	0.818810294271805	0.820029655655066	0.834803629349673	0.783164897322285	0.779528250052096
2.4	0.826601322957498	0.832786058409124	0.786132724029978	0.813651754416009	0.823186604929459	0.824754316303248	0.820029655655066	0.841800609936185	0.789630360637757	0.783719112941173
2.45	0.826601322957498	0.836947114488593	0.793253634278293	0.813651754416009	0.829099250416812	0.830331245597483	0.828648933492691	0.841800609936185	0.789630360637757	0.787791006095693
2.5	0.830708720405926	0.84078376602803	0.793253634278293	0.813651754416009	0.829099250416812	0.830331245597483	0.828648933492691	0.848357885034336	0.795731929266864	0.791894527620599
2.55	0.834333980357367	0.844493742545102	0.799793179868739	0.820358710492974	0.834375700086245	0.835430768190782	0.836499346122826	0.848357885034336	0.795731929266864	0.791894527620599
2.6	0.834333980357367	0.844493742545102	0.799793179868739	0.820358710492974	0.834375700086245	0.835430768190782	0.836499346122826	0.848357885034336	0.801052885101025	0.795615255892549
2.65	0.83799506947275	0.847913968148948	0.799793179868739	0.826729189648906	0.839447661697433	0.840252938358399	0.836499346122826	0.854475691108491	0.801052885101025	0.799394465505801
2.7	0.841404341090457	0.851254111842105	0.805601409290632	0.826729189648906	0.839447661697433	0.840252938358399	0.843588934666694	0.854475691108491	0.806608096852414	0.802949231344089
2.75	0.841404341090457	0.851254111842105	0.805601409290632	0.826729189648906	0.84427412156225	0.844770912382693	0.843588934666694	0.859707701668043	0.806608096852414	0.802949231344089
2.8	0.844850744750793	0.854637499767034	0.811346822745328	0.832376281061857	0.84427412156225	0.844770912382693	0.843588934666694	0.859707701668043	0.811648563403707	0.806185429591821
2.85	0.848218469014759	0.857766372819442	0.811346822745328	0.832376281061857	0.848846567405803	0.849265569601155	0.850087366782075	0.86495153544589	0.811648563403707	0.809406055884769
2.9	0.851493037452479	0.857766372819442	0.816830253276285	0.837806832890281	0.848846567405803	0.849265569601155	0.850087366782075	0.86495153544589	0.81661911357355	0.809406055884769
2.95	0.851493037452479	0.860608552631579	0.816830253276285	0.837806832890281	0.85316171039461	0.853233345383615	0.855916375555742	0.86495153544589	0.81661911357355	0.812452345492815
3	0.854564573961203	0.863485968484419	0.822095499172558	0.837806832890281	0.85739279466884	0.853233345383615	0.855916375555742	0.869763585291633	0.821202806828658	0.815553309964328
3.05	0.857534703078652	0.863485968484419	0.822095499172558	0.8430067938981	0.85739279466884	0.85713293420448	0.855916375555742	0.869763585291633	0.821202806828658	0.818467549395798
3.1	0.857534703078652	0.866271508545176	0.822095499172558	0.8430067938981	0.861317727238081	0.85713293420448	0.861489408637183	0.874307011617731	0.825660362282182	0.818467549395798
3.15	0.860367016583692	0.869148414785858	0.827096456971985	0.847890225721816	0.861317727238081	0.860851083006849	0.861489408637183	0.874307011617731	0.825660362282182	0.821363932985781
3.2	0.863064554526596	0.869148414785858	0.827096456971985	0.847890225721816	0.865100369394038	0.860851083006849	0.861489408637183	0.878508037542029	0.829701508536028	0.824127297477558
3.25	0.863064554526596	0.871634157293685	0.831717868019158	0.847890225721816	0.865100369394038	0.864226337605795	0.866719353879828	0.878508037542029	0.829701508536028	0.824127297477558
3.3	0.865582367592601	0.87407811160448	0.831717868019158	0.852469925022855	0.868570088717251	0.864226337605795	0.866719353879828	0.878508037542029	0.833728033101854	0.827028802510448
3.35	0.868159461638945	0.876405583136089	0.836139996851134	0.852469925022855	0.868570088717251	0.867627260285112	0.871376503254108	0.882662716450613	0.833728033101854	0.829533603344108
3.4	0.868159461638945	0.876405583136089	0.836139996851134	0.85696155318349	0.871952267031611	0.867627260285112	0.871376503254108	0.882662716450613	0.837775048624835	0.832185541848313
3.45	0.870782373585843	0.878855507189317	0.836139996851134	0.85696155318349	0.871952267031611	0.870740739652188	0.871376503254108	0.886441180553076	0.837775048624835	0.832185541848313
3.5	0.87310670916657	0.881119932416691	0.840247815329816	0.85696155318349	0.875183836118589	0.870740739652188	0.875892396932259	0.886441180553076	0.837775048624835	0.834587083319578
3.55	0.875284398512663	0.881119932416691	0.840247815329816	0.861011821982381	0.875183836118589	0.873819733659377	0.875892396932259	0.890179682177704	0.841717138090826	0.837153133842058
3.6	0.875284398512663	0.883378023892947	0.844285326028701	0.861011821982381	0.87834411490333	0.873819733659377	0.875892396932259	0.890179682177704	0.841717138090826	0.839513980604819
3.65	0.877506530498472	0.885562076002683	0.844285326028701	0.865130339642213	0.87834411490333	0.876690639869975	0.880169469310123	0.890179682177704	0.845133670545155	0.839513980604819
3.7	0.879784179592852	0.885562076002683	0.848205964451004	0.865130339642213	0.881417046140012	0.876690639869975	0.880169469310123	0.893687276349047	0.845133670545155	0.841784510029827
3.75	0.879784179592852	0.887455649181825	0.848205964451004	0.865130339642213	0.881417046140012	0.879520006897072	0.880169469310123	0.893687276349047	0.848599628423779	0.844079193286923
3.8	0.881914531013254	0.889291708988743	0.848205964451004	0.868822552836098	0.884333177403934	0.879520006897072	0.884270977207978	0.896891841435509	0.848599628423779	0.844079193286923
3.85	0.88391705555786	0.889291708988743	0.851967661187501	0.868822552836098	0.884333177403934	0.882408547666703	0.884270977207978	0.896891841435509	0.851990418469622	0.846443016023265
3.9	0.88391705555786	0.891259539939615	0.851967661187501	0.872361707922727	0.887157704982351	0.882408547666703	0.888161405673762	0.896891841435509	0.851990418469622	0.848621151849882
3.95	0.885777566325393	0.89314262966863	0.855639571431437	0.872361707922727	0.887157704982351	0.885218320739319	0.888161405673762	0.900118515940181	0.85525764495473	0.850735615683602
4	0.887652625904949	0.89314262966863	0.855639571431437	0.872361707922727	0.889981458717595	0.885218320739319	0.888161405673762	0.900118515940181	0.85525764495473	0.850735615683602
4.05	0.887652625904949	0.895156689722491	0.859072550482715	0.875942765802654	0.889981458717595	0.887981852079359	0.891683416768901	0.903286192585565	0.858482344981018	0.852818935607752
4.1	0.889679326087446	0.897056523851014	0.859072550482715	0.875942765802654	0.892577509099429	0.887981852079359	0.891683416768901	0.903286192585565	0.858482344981018	0.85477075902483
4.15	0.891614318086685	0.898737151949456	0.862524777729446	0.879412166538763	0.892577509099429	0.890421887230914	0.891683416768901	0.906046322896348	0.861571433999399	0.85477075902483
4.2	0.89346990686806	0.898737151949456	0.862524777729446	0.879412166538763	0.89503571866622	0.890421887230914	0.89529790075809	0.906046322896348	0.861571433999399	0.856842867141535
4.25	0.89346990686806	0.900485267258088	0.862524777729446	0.879412166538763	0.89503571866622	0.89276836124982	0.89529790075809	0.906046322896348	0.864568880043568	0.858772197735035
4.3	0.895109796844298	0.902173321133703	0.865795703111223	0.882653987433428	0.897495766110544	0.89276836124982	0.898775953723884	0.909047055699418	0.864568880043568	0.860664501680491
4.35	0.896938169937508	0.902173321133703	0.865795703111223	0.882653987433428	0.897495766110544	0.895109055052154	0.898775953723884	0.909047055699418	0.867392925224173	0.860664501680491
4.4	0.896938169937508	0.903907458508834	0.868957939580952	0.88567939420103	0.899837609010321	0.895109055052154	0.898775953723884	0.911711181477652	0.867392925224173	0.862556805625946
4.45	0.89862040347113	0.905515066465074	0.868957939580952	0.88567939420103	0.902200345675745	0.897436816844531	0.902053112677819	0.911711181477652	0.870390474237976	0.864465858073882
4.5	0.900271874591267	0.905515066465074	0.87191570719599	0.88567939420103	0.902200345675745	0.897436816844531	0.902053112677819	0.914357454196261	0.870390474237976	0.866292275348426
4.55	0.900271874591267	0.907022644834687	0.87191570719599	0.888678329443525	0.904350759120806	0.899631535685979	0.902053112677819	0.914357454196261	0.873199485852024	0.866292275348426
4.6	0.901877021135805	0.908751758889966	0.87191570719599	0.888678329443525	0.904350759120806	0.899631535685979	0.905374899854536	0.914357454196261	0.873199485852024	0.868114816936445
4.65	0.903507646196923	0.908751758889966	0.874852497735744	0.891644520287664	0.906574784397619	0.901708200951678	0.905374899854536	0.916911978740908	0.876058437738536	0.86987223314912
4.7	0.903507646196923	0.910405814354406	0.874852497735744	0.891644520287664	0.906574784397619	0.901708200951678	0.908484803487059	0.916911978740908	0.876058437738536	0.86987223314912
4.75	0.905102586858399	0.912118839225809	0.877782372756174	0.891644520287664	0.90860341427346	0.903678569014316	0.908484803487059	0.919470523179774	0.878573574017302	0.871646467072963
4.8	0.906683847293643	0.912118839225809	0.877782372756174	0.894485880954164	0.90860341427346	0.90592521183514	0.908484803487059	0.919470523179774	0.878573574017302	0.873451568071624
4.85	0.908226021368224	0.913632387337856	0.880493256331331	0.894485880954164	0.91068795431849	0.90592521183514	0.911447152545162	0.921865197813083	0.881075633152556	0.875156870142285
4.9	0.908226021368224	0.915085946818622	0.880493256331331	0.897392228587516	0.91068795431849	0.907972780078435	0.911447152545162	0.921865197813083	0.881075633152556	0.875156870142285
4.95	0.909697695229315	0.916442388782242	0.880493256331331	0.897392228587516	0.912848717915979	0.907972780078435	0.911447152545162	0.921865197813083	0.883576559621838	0.87685705077004
5	0.911131078933386	0.916442388782242	0.883273640875699	0.897392228587516	0.912848717915979	0.910066296144987	0.914481871694262	0.924313313393082	0.883576559621838	0.878481517093196
5.05	0.911131078933386	0.918009664576189	0.883273640875699	0.900001743858763	0.914981429698476	0.910066296144987	0.914481871694262	0.924313313393082	0.886074088093199	0.878481517093196
5.1	0.912666304321627	0.919436578621217	0.885971615481451	0.900001743858763	0.914981429698476	0.911900290284436	0.91716063721061	0.926626526052343	0.886074088093199	0.880037605232675
5.15	0.914084704920778	0.919436578621217	0.885971615481451	0.902758797108808	0.91700135383863	0.911900290284436	0.91716063721061	0.926626526052343	0.888468132082444	0.881645738305479
5.2	0.914084704920778	0.920899383922581	0.888570121867587	0.902758797108808	0.91700135383863	0.91400321144914	0.91716063721061	0.926626526052343	0.888468132082444	0.883161408571205
5.25	0.915434487242321	0.922309407964626	0.888570121867587	0.902758797108808	0.918934027161122	0.91400321144914	0.919695600675776	0.928941512194349	0.888468132082444	0.883161408571205
5.3	0.916824152128169	0.922309407964626	0.888570121867587	0.905298558029535	0.918934027161122	0.91595535713411	0.919695600675776	0.928941512194349	0.890668490190237	0.884755146236919
5.35	0.916824152128169	0.923669926825518	0.890982485525242	0.905298558029535	0.920859929355857	0.91595535713411	0.919695600675776	0.931250586727208	0.890668490190237	0.88619399485904
5.4	0.918168578170659	0.925113730873527	0.890982485525242	0.907925762803342	0.920859929355857	0.917792780215592	0.922295563204151	0.931250586727208	0.892644271526394	0.887689317770514
5.45	0.919580030083469	0.925113730873527	0.89339853745987	0.907925762803342	0.922712509910029	0.917792780215592	0.922295563204151	0.933268337161297	0.892644271526394	0.887689317770514
5.5	0.919580030083469	0.926549745135679	0.89339853745987	0.907925762803342	0.922712509910029	0.919729446676522	0.924812166109194	0.933268337161297	0.894881801672041	0.889274888811052
5.55	0.92090578153142	0.927938511070523	0.89585492992389	0.910514703050335	0.924515467770786	0.919729446676522	0.924812166109194	0.933268337161297	0.894881801672041	0.890736576300191
5.6	0.922176522545846	0.927938511070523	0.89585492992389	0.910514703050335	0.924515467770786	0.92156667381846	0.924812166109194	0.935585569714779	0.897155989007374	0.890736576300191
5.65	0.923350850537304	0.929076475021433	0.898289077467417	0.91320200194986	0.926507146635156	0.92156667381846	0.927367634433475	0.935585569714779	0.897155989007374	0.892227746690389
5.7	0.923350850537304	0.930450680608879	0.898289077467417	0.91320200194986	0.926507146635156	0.923390675041123	0.927367634433475	0.937634296980799	0.899325044346447	0.893595448781314
5.75	0.924694625140449	0.930450680608879	0.898289077467417	0.91320200194986	0.928185032093211	0.923390675041123	0.927367634433475	0.937634296980799	0.899325044346447	0.894910898312851
5.8	0.926049618976747	0.9319000175889	0.900663405768788	0.915654695389902	0.928185032093211	0.925101619146429	0.929759197903519	0.939702532557005	0.901187559085263	0.894910898312851
5.85	0.926049618976747	0.933024076408044	0.900663405768788	0.915654695389902	0.9299203754068	0.925101619146429	0.929759197903519	0.939702532557005	0.901187559085263	0.896271264282856
5.9	0.927269113429415	0.934197567606605	0.902738407342069	0.918172501254261	0.931661038892197	0.926700485832101	0.93220637912868	0.939702532557005	0.903224195475082	0.897618411393466
5.95	0.928438374670417	0.934197567606605	0.902738407342069	0.918172501254261	0.931661038892197	0.926700485832101	0.93220637912868	0.941564689438343	0.903224195475082	0.897618411393466
6	0.928438374670417	0.93546315300246	0.90507585287371	0.918172501254261	0.933280305729961	0.928469428042672	0.93220637912868	0.941564689438343	0.905404062625719	0.899040926765235
6.05	0.929892242522761	0.936635406571492	0.90507585287371	0.920665591998022	0.933280305729961	0.928469428042672	0.93437748185856	0.943602775807898	0.905404062625719	0.900528152260221
6.1	0.931023141224595	0.936635406571492	0.90507585287371	0.920665591998022	0.934785527430226	0.929945440633747	0.93437748185856	0.943602775807898	0.907500009524691	0.901947207197593
6.15	0.931023141224595	0.937827899023408	0.907268879310126	0.922903251343116	0.934785527430226	0.929945440633747	0.93437748185856	0.945434901714769	0.907500009524691	0.901947207197593
6.2	0.932142893075424	0.938898448565864	0.907268879310126	0.922903251343116	0.936339404519941	0.931519325027456	0.936602996175375	0.945434901714769	0.909458491962345	0.903160643123117
6.25	0.933381641179826	0.938898448565864	0.90949083566905	0.922903251343116	0.936339404519941	0.931519325027456	0.936602996175375	0.945434901714769	0.909458491962345	0.90455589027184
6.3	0.934760738271866	0.940006636606344	0.90949083566905	0.92528067030418	0.938187922397459	0.933162082171167	0.938706821524366	0.947490249983034	0.911261181343838	0.90583438236402
6.35	0.934760738271866	0.941013703034143	0.911519388004202	0.92528067030418	0.938187922397459	0.933162082171167	0.938706821524366	0.947490249983034	0.911261181343838	0.90583438236402
6.4	0.935958228551125	0.941013703034143	0.911519388004202	0.927520086053784	0.939892505444954	0.934875083641693	0.938706821524366	0.949360919581543	0.912984893016095	0.907095087823403
6.45	0.937098464550227	0.942083597360966	0.911519388004202	0.927520086053784	0.939892505444954	0.934875083641693	0.940926170981577	0.949360919581543	0.912984893016095	0.908408115050862
6.5	0.937098464550227	0.943308195378895	0.913565459654976	0.927520086053784	0.941422006474746	0.936426924836611	0.940926170981577	0.949360919581543	0.914846686967473	0.908408115050862
6.55	0.938290598550432	0.943308195378895	0.913565459654976	0.929633793423495	0.941422006474746	0.936426924836611	0.940926170981577	0.951155684118604	0.914846686967473	0.909676710300668
6.6	0.939607953669055	0.944474479205494	0.915845160600258	0.929633793423495	0.942921714542409	0.938081046473921	0.943152355391826	0.951155684118604	0.91688301444839	0.910853604038964
6.65	0.939607953669055	0.945739846196138	0.915845160600258	0.931635216362062	0.942921714542409	0.938081046473921	0.943152355391826	0.952969838733667	0.91688301444839	0.912036242098357
6.7	0.940799942904961	0.946811487764649	0.9179843612446	0.931635216362062	0.944470174729919	0.939520026491027	0.945216243172083	0.952969838733667	0.918743675733795	0.912036242098357
6.75	0.941937573146686	0.946811487764649	0.9179843612446	0.931635216362062	0.944470174729919	0.939520026491027	0.945216243172083	0.954735518153724	0.918743675733795	0.913385603886981
6.8	0.941937573146686	0.947874465926457	0.920140043876665	0.933803121356637	0.946013991858396	0.941007207636156	0.945216243172083	0.954735518153724	0.920571798614873	0.91469461701054
6.85	0.943141867347986	0.948880440328202	0.920140043876665	0.933803121356637	0.946013991858396	0.941007207636156	0.947437602909599	0.954735518153724	0.920571798614873	0.91469461701054
6.9	0.944283333843628	0.948880440328202	0.920140043876665	0.93587316952854	0.947490581361291	0.942454221174599	0.947437602909599	0.95640874000672	0.922289641017995	0.916010135750765
6.95	0.945346482853646	0.949959362070412	0.922117882403438	0.93587316952854	0.947490581361291	0.942454221174599	0.947437602909599	0.95640874000672	0.922289641017995	0.917304338215106
7	0.945346482853646	0.950881905681564	0.922117882403438	0.93587316952854	0.948855640716997	0.944019288288791	0.949507387512085	0.957880612452166	0.922289641017995	0.918380810147212
7.05	0.946399643127051	0.950881905681564	0.924065407903839	0.937636599656071	0.948855640716997	0.944019288288791	0.949507387512085	0.957880612452166	0.924089138340836	0.918380810147212
7.1	0.947570062482443	0.952025912176644	0.924065407903839	0.937636599656071	0.950267904506205	0.945479429776737	0.949507387512085	0.959327774371377	0.924089138340836	0.919644422371487
7.15	0.947570062482443	0.95310323228064	0.926030567978518	0.937636599656071	0.950267904506205	0.945479429776737	0.951453606885129	0.959327774371377	0.925829840002694	0.920806367033189
7.2	0.948630605735084	0.95310323228064	0.926030567978518	0.939610296494882	0.951728146572088	0.94695985100757	0.951453606885129	0.959327774371377	0.925829840002694	0.922109151374834
7.25	0.949600526536708	0.954241997050656	0.926030567978518	0.939610296494882	0.951728146572088	0.948330056244446	0.953349703269225	0.960885601613822	0.927379532993582	0.922109151374834
7.3	0.949600526536708	0.955304902410728	0.927831369210587	0.941778703319316	0.953128319061731	0.948330056244446	0.953349703269225	0.960885601613822	0.927379532993582	0.92326459041987
7.35	0.950726358488085	0.955304902410728	0.927831369210587	0.941778703319316	0.953128319061731	0.94960121404142	0.953349703269225	0.962300367914907	0.929090270491961	0.924409025283525
7.4	0.95167876280956	0.956371083848964	0.929727143574711	0.941778703319316	0.954591269578716	0.94960121404142	0.955015555549003	0.962300367914907	0.929090270491961	0.924409025283525
7.45	0.95167876280956	0.957329009104294	0.929727143574711	0.943584788984935	0.955820229266517	0.951030788960374	0.955015555549003	0.963894374205332	0.930802861443752	0.925571662032107
7.5	0.952662870512461	0.958221339994595	0.931607588537665	0.943584788984935	0.955820229266517	0.951030788960374	0.955015555549003	0.963894374205332	0.930802861443752	0.926946977078705
7.55	0.953754393325034	0.958221339994595	0.931607588537665	0.94571505674002	0.957117964266244	0.952313213281174	0.956749221284419	0.963894374205332	0.932651990130155	0.928191695331175
7.6	0.954765210041055	0.959107191530304	0.931607588537665	0.94571505674002	0.957117964266244	0.952313213281174	0.956749221284419	0.965263975812533	0.932651990130155	0.928191695331175
7.65	0.954765210041055	0.960032137598777	0.933395250283018	0.94571505674002	0.958279502867669	0.953451817976082	0.958597875053306	0.965263975812533	0.934206419724204	0.929128088878904
7.7	0.955632203426267	0.960032137598777	0.933395250283018	0.947421654635923	0.958279502867669	0.953451817976082	0.958597875053306	0.966716458179976	0.934206419724204	0.9302189562181
7.75	0.956546100444274	0.960904156804458	0.935418500720021	0.947421654635923	0.959548605670026	0.954906865035862	0.958597875053306	0.966716458179976	0.93587452779413	0.9302189562181
7.8	0.956546100444274	0.961862300464999	0.935418500720021	0.949288461714585	0.959548605670026	0.954906865035862	0.960409003589824	0.966716458179976	0.93587452779413	0.9312266347144
7.85	0.957515442188703	0.961862300464999	0.937221146090576	0.949288461714585	0.960974605175541	0.956004126486814	0.960409003589824	0.968035219948512	0.93741618915357	0.932524851282641
7.9	0.958312297271171	0.962963062728306	0.937221146090576	0.949288461714585	0.960974605175541	0.956004126486814	0.960409003589824	0.968035219948512	0.93741618915357	0.933645201522896
7.95	0.958312297271171	0.963867697112159	0.937221146090576	0.950853418132543	0.962156457160236	0.957345234701285	0.962061588019587	0.969326433618423	0.93902570750178	0.933645201522896
8	0.959379210152957	0.963867697112159	0.93893100824353	0.950853418132543	0.962156457160236	0.957345234701285	0.962061588019587	0.969326433618423	0.93902570750178	0.934799256394173
8.05	0.960246927359664	0.964644491645855	0.93893100824353	0.95270015201681	0.963224264007432	0.958397625996475	0.963854758052044	0.970652998711033	0.940832824577534	0.935826866992598
8.1	0.960246927359664	0.9655091578761	0.940617242372125	0.95270015201681	0.963224264007432	0.958397625996475	0.963854758052044	0.970652998711033	0.940832824577534	0.936928115634983
8.15	0.961049500631933	0.9655091578761	0.940617242372125	0.95270015201681	0.964345562763905	0.959503508787399	0.963854758052044	0.970652998711033	0.942305187373328	0.936928115634983
8.2	0.961957389931542	0.966332691124944	0.942294832101564	0.954355563267008	0.964345562763905	0.959503508787399	0.965416209774626	0.972186706588157	0.942305187373328	0.93794894378199
8.25	0.961957389931542	0.967171803945505	0.942294832101564	0.954355563267008	0.965356879059533	0.960416978945316	0.965416209774626	0.972186706588157	0.943680861682847	0.939159611359997
8.3	0.96281555269453	0.967902150971001	0.944120529203201	0.955821157372715	0.965356879059533	0.960416978945316	0.965416209774626	0.973361934486602	0.943680861682847	0.939159611359997
8.35	0.963672919253876	0.967902150971001	0.944120529203201	0.955821157372715	0.966529831847748	0.961716058127426	0.966911858321877	0.973361934486602	0.945457396777318	0.940131301338572
8.4	0.964520948515952	0.968638904549352	0.944120529203201	0.955821157372715	0.966529831847748	0.961716058127426	0.966911858321877	0.974436428565179	0.945457396777318	0.940943603708838
8.45	0.964520948515952	0.969390509682049	0.945946341563493	0.957409825251552	0.967674345899386	0.962861912585491	0.968566721069319	0.974436428565179	0.946859019434592	0.941939931980317
8.5	0.965342413529208	0.969390509682049	0.945946341563493	0.957409825251552	0.967674345899386	0.962861912585491	0.968566721069319	0.974436428565179	0.946859019434592	0.941939931980317
8.55	0.966102570861943	0.970114522956426	0.947763048490008	0.959056329021737	0.9687639170858	0.963825053418019	0.968566721069319	0.975577132666204	0.948329013928805	0.942901863533894
8.6	0.966102570861943	0.970913449218168	0.947763048490008	0.959056329021737	0.9687639170858	0.963825053418019	0.970059153168081	0.975577132666204	0.948329013928805	0.943854451914599
8.65	0.966912237584851	0.970913449218168	0.949301751539683	0.959056329021737	0.969779779710064	0.964945827614348	0.970059153168081	0.976716417981034	0.949764822504549	0.943854451914599
8.7	0.96774607994565	0.971693155821343	0.949301751539683	0.960908833949392	0.969779779710064	0.964945827614348	0.970059153168081	0.976716417981034	0.949764822504549	0.944702258341775
8.75	0.96774607994565	0.972488150789287	0.949301751539683	0.960908833949392	0.970946348292109	0.966035741332369	0.971574904518386	0.977635082042494	0.949764822504549	0.945801015471395
8.8	0.968578112752714	0.972488150789287	0.950887249603453	0.962507162053031	0.970946348292109	0.966035741332369	0.971574904518386	0.977635082042494	0.951121447431788	0.946890913888959
8.85	0.969355207508403	0.97321929863389	0.950887249603453	0.962507162053031	0.972020249154286	0.967023276638226	0.972839772886572	0.977635082042494	0.951121447431788	0.946890913888959
8.9	0.969355207508403	0.973681152853362	0.952236236906329	0.962507162053031	0.97291906799876	0.967023276638226	0.972839772886572	0.978778978412459	0.952414334155614	0.947776785094497
8.95	0.970129768888864	0.973681152853362	0.952236236906329	0.96389672893497	0.97291906799876	0.968244665790817	0.972839772886572	0.978778978412459	0.952414334155614	0.948732072614032
9	0.97094652906241	0.974522886536455	0.953737596151652	0.96389672893497	0.973863640320789	0.968244665790817	0.974034013406693	0.979884212858601	0.953740171162304	0.949541814262845
9.05	0.971715589399519	0.975227024936633	0.953737596151652	0.965242636619102	0.973863640320789	0.969227106668509	0.974034013406693	0.979884212858601	0.953740171162304	0.949541814262845
9.1	0.971715589399519	0.975836739483935	0.953737596151652	0.965242636619102	0.974745628076268	0.969227106668509	0.974034013406693	0.979884212858601	0.955199044936051	0.950511912441597
9.15	0.972372240258648	0.975836739483935	0.955331047062645	0.965242636619102	0.974745628076268	0.970229337440226	0.975355437660806	0.980776392911082	0.955199044936051	0.951297569467009
9.2	0.973052487698473	0.976662311181415	0.955331047062645	0.966524811911032	0.975719703169236	0.970229337440226	0.975355437660806	0.980776392911082	0.956362910708543	0.951297569467009
9.25	0.973052487698473	0.977318764443865	0.956751033697251	0.966524811911032	0.975719703169236	0.971316018155758	0.976548337994056	0.981753936599647	0.956362910708543	0.952245659282999
9.3	0.973645442266152	0.977318764443865	0.956751033697251	0.967963809034167	0.976592598267443	0.971316018155758	0.976548337994056	0.981753936599647	0.957335973749333	0.953200877593846
9.35	0.974299053075007	0.978008342496645	0.958104746604999	0.967963809034167	0.976592598267443	0.972274652378755	0.976548337994056	0.982669290159985	0.957335973749333	0.954107165362325
9.4	0.974299053075007	0.978665742181676	0.958104746604999	0.967963809034167	0.97754026596216	0.972274652378755	0.97769285758129	0.982669290159985	0.95870402830594	0.954107165362325
9.45	0.9749483209549	0.978665742181676	0.958104746604999	0.96925288448667	0.97754026596216	0.97305527552529	0.97769285758129	0.982669290159985	0.95870402830594	0.955067228281328
9.5	0.975593101141532	0.979290381085061	0.959456269598294	0.96925288448667	0.978232275218872	0.97305527552529	0.97769285758129	0.983624606198157	0.959945018334258	0.955967979354772
9.55	0.975593101141532	0.979700473269532	0.959456269598294	0.970444730403826	0.978232275218872	0.973891545502551	0.978730028200212	0.983624606198157	0.959945018334258	0.955967979354772
9.6	0.976204585539451	0.979700473269532	0.96098690454209	0.970444730403826	0.979074990433364	0.974755638895175	0.978730028200212	0.984543979652714	0.961151616504838	0.956875305253569
9.65	0.976705180484528	0.980296282685068	0.96098690454209	0.970444730403826	0.979074990433364	0.974755638895175	0.979849352274284	0.984543979652714	0.961151616504838	0.957683385893871
9.7	0.977413222669713	0.980819144760139	0.962216483877965	0.971864783449752	0.979829487526228	0.975919519791364	0.979849352274284	0.985300192694812	0.96242926372284	0.958477901631339
9.75	0.977413222669713	0.980819144760139	0.962216483877965	0.971864783449752	0.979829487526228	0.975919519791364	0.979849352274284	0.985300192694812	0.96242926372284	0.958477901631339
9.8	0.977989746489484	0.981482514187603	0.963548873934463	0.973224993284889	0.980845543611286	0.976830638674743	0.980915738966979	0.985300192694812	0.963573771204151	0.959356159881205
9.85	0.978541008939123	0.981983754146787	0.963548873934463	0.973224993284889	0.980845543611286	0.976830638674743	0.980915738966979	0.986124507474284	0.963573771204151	0.960181681110866
9.9	0.978541008939123	0.982399597668481	0.963548873934463	0.973224993284889	0.981506599141111	0.977562864753709	0.980915738966979	0.986124507474284	0.964819291896362	0.96098332534319
9.95	0.97912607385252	0.982399597668481	0.964777992235716	0.974374685493818	0.981506599141111	0.977562864753709	0.981927312016678	0.986849507220085	0.964819291896362	0.96098332534319
10	0.979615521946594	0.982848420377031	0.964777992235716	0.974374685493818	0.982204025300029	0.978282354762262	0.981927312016678	0.986849507220085	0.965818097345638	0.96176067732605
10.05	0.979615521946594	0.983400985560795	0.965891045070975	0.97564933333785	0.982204025300029	0.978282354762262	0.982852040957183	0.98754293897304	0.965818097345638	0.96259360388532
10.1	0.980138700122275	0.983400985560795	0.965891045070975	0.97564933333785	0.982878042702988	0.979170352779354	0.982852040957183	0.98754293897304	0.96679692668593	0.96259360388532
10.15	0.980655508668812	0.983967674281534	0.967037177140336	0.97564933333785	0.982878042702988	0.979170352779354	0.982852040957183	0.98754293897304	0.96679692668593	0.963189767523173
10.2	0.980655508668812	0.984518055413188	0.967037177140336	0.976645214694733	0.983385877284724	0.979842817297151	0.983809470457323	0.988356376391682	0.967999817949687	0.963973140661883
10.25	0.981237244003338	0.984518055413188	0.967037177140336	0.976645214694733	0.983385877284724	0.979842817297151	0.983809470457323	0.988356376391682	0.967999817949687	0.964669656897237
10.3	0.981740878998689	0.985062102793723	0.968175817397095	0.977890003662103	0.984072856560817	0.980604042428749	0.983809470457323	0.989117555185463	0.968947138581991	0.964669656897237
10.35	0.982361917840325	0.985475616659833	0.968175817397095	0.977890003662103	0.984890518602609	0.980604042428749	0.984665983886129	0.989117555185463	0.968947138581991	0.965339943039866
10.4	0.982361917840325	0.985475616659833	0.969389491038524	0.977890003662103	0.984890518602609	0.98138290211938	0.984665983886129	0.989117555185463	0.969997531817874	0.966097778172729
10.45	0.982830954168275	0.985839989353474	0.969389491038524	0.978983365469263	0.985412862743823	0.98138290211938	0.984665983886129	0.989668990086704	0.969997531817874	0.966808412980422
10.5	0.98339770639788	0.98633271150943	0.970543230179142	0.978983365469263	0.985412862743823	0.982127178480352	0.985512713950782	0.989668990086704	0.969997531817874	0.966808412980422
10.55	0.98339770639788	0.98633271150943	0.970543230179142	0.980142592445529	0.986003305084188	0.982127178480352	0.985512713950782	0.990205645965079	0.970974301765486	0.967344918729276
10.6	0.983852121531656	0.986839411598889	0.970543230179142	0.980142592445529	0.986003305084188	0.982762022605545	0.986253837290056	0.990205645965079	0.970974301765486	0.968022610201513
10.65	0.984352209801687	0.987434638600529	0.971571798419988	0.980142592445529	0.98663108535761	0.982762022605545	0.986253837290056	0.990907945131754	0.971875800910684	0.968022610201513
10.7	0.984352209801687	0.987434638600529	0.971571798419988	0.980899728246585	0.98663108535761	0.983445459737853	0.986253837290056	0.990907945131754	0.971875800910684	0.968619465926244
10.75	0.984919975381383	0.987873414669375	0.97265442297022	0.980899728246585	0.987253835650413	0.983445459737853	0.987004341937422	0.990907945131754	0.972700381739324	0.969252379377389
10.8	0.985329803111144	0.98822897835284	0.97265442297022	0.981838400999444	0.987253835650413	0.984113613585664	0.987004341937422	0.991435142435493	0.972700381739324	0.969813800253899
10.85	0.985329803111144	0.988586944493626	0.973640345508566	0.981838400999444	0.987795525870931	0.984113613585664	0.987004341937422	0.991435142435493	0.973705880214807	0.969813800253899
10.9	0.985872669231456	0.988586944493626	0.973640345508566	0.981838400999444	0.987795525870931	0.984635596533046	0.987709950324633	0.991772340621244	0.973705880214807	0.970541806442263
10.95	0.986364505936458	0.988958233352281	0.974647706156818	0.98258060736217	0.98836391368089	0.984635596533046	0.987709950324633	0.991772340621244	0.974437170555092	0.971274449612718
11	0.986364505936458	0.989310011345423	0.974647706156818	0.98258060736217	0.98836391368089	0.985063528498917	0.988424269926501	0.99215718637672	0.974437170555092	0.971274449612718
11.05	0.986760581057838	0.989310011345423	0.974647706156818	0.983287183804846	0.988716786167399	0.985063528498917	0.988424269926501	0.99215718637672	0.975439785880824	0.971923696314215
11.1	0.987170336405449	0.989819041090465	0.975588216784934	0.983287183804846	0.988716786167399	0.985617057713013	0.988424269926501	0.99215718637672	0.975439785880824	0.972632393278646
11.15	0.987549329339576	0.990175478394774	0.975588216784934	0.983287183804846	0.989183993982595	0.985617057713013	0.989113930089956	0.992535056433403	0.976162632711126	0.973378947395376
11.2	0.987549329339576	0.990175478394774	0.976393183234292	0.984091115240335	0.989183993982595	0.986153148307621	0.989113930089956	0.992535056433403	0.976162632711126	0.973378947395376
11.25	0.987897125567322	0.990511822419673	0.976393183234292	0.984091115240335	0.989655264474446	0.986153148307621	0.989113930089956	0.992984338728583	0.977127870059736	0.973939537767631
11.3	0.988303623718212	0.990827781958215	0.977195152958609	0.984915370785147	0.989655264474446	0.986784073641919	0.989744353993743	0.992984338728583	0.977127870059736	0.974503588574282
11.35	0.988303623718212	0.990827781958215	0.977195152958609	0.984915370785147	0.990232454750488	0.986784073641919	0.989744353993743	0.993449700600643	0.97786410294245	0.975082450040151
11.4	0.988678635634123	0.991157137016363	0.977195152958609	0.984915370785147	0.990232454750488	0.987193195411488	0.990279758648427	0.993449700600643	0.97786410294245	0.975082450040151
11.45	0.989067472540565	0.991477173452177	0.978050948475001	0.985577535285226	0.990574880354173	0.987193195411488	0.990279758648427	0.993449700600643	0.978618458480739	0.975710518883141
11.5	0.989067472540565	0.991477173452177	0.978050948475001	0.985577535285226	0.990574880354173	0.987628769019607	0.990279758648427	0.993851098861732	0.978618458480739	0.976468769268131
11.55	0.989458770440086	0.991718729615514	0.97893844012163	0.986212350057943	0.990862653283823	0.987628769019607	0.990867564609739	0.993851098861732	0.979529533801893	0.976468769268131
11.6	0.989852529332685	0.991938663662964	0.97893844012163	0.986212350057943	0.990862653283823	0.988137428077941	0.990867564609739	0.994256635249223	0.979529533801893	0.977081335365024
11.65	0.989852529332685	0.992194925777173	0.979904653429902	0.986212350057943	0.991303743891959	0.988137428077941	0.990867564609739	0.994256635249223	0.980425472586858	0.977616180105367
11.7	0.990248749218363	0.992194925777173	0.979904653429902	0.987215758862723	0.991303743891959	0.988592105791679	0.991357268892145	0.994256635249223	0.980425472586858	0.978142512177096
11.75	0.990600526464325	0.992570000326152	0.979904653429902	0.987215758862723	0.991760214633142	0.988592105791679	0.991357268892145	0.994584374860338	0.981200216112668	0.978142512177096
11.8	0.99088368543268	0.992900229005144	0.980751112995206	0.987958717970239	0.992090645667658	0.989015335208475	0.991876189248324	0.994584374860338	0.981200216112668	0.978695489593678
11.85	0.99088368543268	0.992900229005144	0.980751112995206	0.987958717970239	0.992090645667658	0.989015335208475	0.991876189248324	0.994891778535988	0.981887023571088	0.979121538276591
11.9	0.991168581572619	0.993090095935217	0.981570256259179	0.987958717970239	0.9923286024431	0.989430237194616	0.991876189248324	0.994891778535988	0.981887023571088	0.979121538276591
11.95	0.991562702375966	0.993209490783883	0.981570256259179	0.988626151683846	0.9923286024431	0.989430237194616	0.992293657458421	0.995178373347439	0.982627581178428	0.979788156358759
12	0.991562702375966	0.993209490783883	0.98237337857005	0.988626151683846	0.992628466672316	0.989752949624923	0.992293657458421	0.995178373347439	0.982627581178428	0.980410757715402
12.05	0.991887119169464	0.993425711942746	0.98237337857005	0.989288567098855	0.992628466672316	0.990247011187168	0.992293657458421	0.995178373347439	0.983338380561557	0.980772027066411
12.1	0.992080524272594	0.993619073356195	0.98237337857005	0.989288567098855	0.993003296958835	0.990247011187168	0.992595199504238	0.995491925096602	0.983338380561557	0.980772027066411
12.15	0.992080524272594	0.993619073356195	0.983014792987387	0.989288567098855	0.993003296958835	0.990696496502969	0.992595199504238	0.995491925096602	0.984006653485867	0.981159595718834
12.2	0.992360208897778	0.993837915377591	0.983014792987387	0.989872697055727	0.993381125887646	0.990696496502969	0.993083027525026	0.995759839223148	0.984006653485867	0.981585921236499
12.25	0.99261709314591	0.993996914371179	0.983540141938729	0.989872697055727	0.993381125887646	0.991125114257247	0.993083027525026	0.995759839223148	0.984006653485867	0.981990169182714
12.3	0.99261709314591	0.993996914371179	0.983540141938729	0.990413669644651	0.993675960136243	0.991125114257247	0.993083027525026	0.996067242898798	0.984594816034967	0.981990169182714
12.35	0.992949327211541	0.994218377255107	0.98418144109741	0.990413669644651	0.993675960136243	0.991606537718852	0.993662524327742	0.996067242898798	0.984594816034967	0.982630764798219
12.4	0.993172119467317	0.9944411505703	0.98418144109741	0.990413669644651	0.994022641877375	0.991606537718852	0.993662524327742	0.996067242898798	0.985113782990055	0.982977638742138
12.45	0.993371315142396	0.99469013251081	0.984940765119227	0.991084365252347	0.994022641877375	0.991930033907338	0.993662524327742	0.996228629828514	0.985113782990055	0.982977638742138
12.5	0.993371315142396	0.99469013251081	0.984940765119227	0.991084365252347	0.994272206300399	0.991930033907338	0.99418600131928	0.996228629828514	0.985848883206796	0.983538229114392
12.55	0.993559146820024	0.994928048587297	0.984940765119227	0.991485829140231	0.994272206300399	0.992406558880323	0.99418600131928	0.99654194511331	0.985848883206796	0.984026773242509
12.6	0.993685091759936	0.995079184993291	0.985619177564949	0.991485829140231	0.994624304943736	0.992406558880323	0.994652118312769	0.99654194511331	0.986389061906477	0.984543208471863
12.65	0.993685091759936	0.995079184993291	0.985619177564949	0.991485829140231	0.994624304943736	0.992659320893132	0.994652118312769	0.996757009454082	0.986389061906477	0.984543208471863
12.7	0.99396376303503	0.995281865029074	0.986329170882252	0.992030690910569	0.994941096992342	0.992659320893132	0.994652118312769	0.996757009454082	0.986971664095343	0.98482184264948
12.75	0.994244026717409	0.995549411412517	0.986329170882252	0.992030690910569	0.994941096992342	0.992939514442214	0.994894022042858	0.996757009454082	0.986971664095343	0.985203874606869
12.8	0.994244026717409	0.995549411412517	0.987071206105758	0.992606540674753	0.995234770476181	0.992939514442214	0.994894022042858	0.997012390969237	0.987482393479716	0.985203874606869
12.85	0.994487447885757	0.995741607998174	0.987071206105758	0.992606540674753	0.995234770476181	0.99327319948703	0.994894022042858	0.997012390969237	0.987482393479716	0.98556237561036
12.9	0.994732244314943	0.996025097962017	0.987071206105758	0.992606540674753	0.995492073330927	0.99327319948703	0.995241398479638	0.997205700588347	0.9878942720155	0.985884196009247
12.95	0.994732244314943	0.996025097962017	0.987742472514845	0.993136347549295	0.995492073330927	0.993674091795717	0.995241398479638	0.997205700588347	0.9878942720155	0.986285398773193
13	0.994939546790753	0.996219478599784	0.987742472514845	0.993136347549295	0.995621692062265	0.993674091795717	0.995488394919834	0.997205700588347	0.988504058187728	0.986285398773193
13.05	0.995134978594065	0.996310699176234	0.988354611233708	0.993553869992695	0.995621692062265	0.993960751349779	0.995488394919834	0.997426794770449	0.988504058187728	0.986714769473127
13.1	0.995265990284434	0.996310699176234	0.988354611233708	0.993553869992695	0.995961215754054	0.993960751349779	0.995488394919834	0.997426794770449	0.98909252964573	0.987133343617744
13.15	0.995265990284434	0.996441742302818	0.988945888135943	0.993553869992695	0.995961215754054	0.99423643828933	0.995790473040399	0.997584280038127	0.98909252964573	0.98743578558401
13.2	0.995358205142737	0.996586690561167	0.988945888135943	0.993883195838225	0.996198011764738	0.99423643828933	0.995790473040399	0.997584280038127	0.989553833605808	0.98743578558401
13.25	0.995503910409429	0.996732439638624	0.988945888135943	0.993883195838225	0.996423296858235	0.994448052997728	0.995790473040399	0.99778291010547	0.989553833605808	0.987766257068889
13.3	0.995503910409429	0.996732439638624	0.989555606423042	0.994308747559382	0.996423296858235	0.994448052997728	0.99601602649067	0.99778291010547	0.990071873834191	0.988151611043298
13.35	0.995690366826219	0.996839021381579	0.989555606423042	0.994308747559382	0.996610179984314	0.994661235222485	0.99601602649067	0.99778291010547	0.990071873834191	0.988151611043298
13.4	0.995797492407294	0.996932790018824	0.990050296572046	0.994308747559382	0.996610179984314	0.994661235222485	0.996310867602135	0.99794323294554	0.990580543825884	0.98844547113226
13.45	0.995797492407294	0.996932790018824	0.990050296572046	0.99464434627816	0.996865644961527	0.994875984963599	0.996310867602135	0.99794323294554	0.990580543825884	0.988807986239652
13.5	0.996012901683833	0.997040536589571	0.990562736553983	0.99464434627816	0.996865644961527	0.994875984963599	0.996310867602135	0.99811845304066	0.991025681553433	0.989091395816736
13.55	0.996188862688964	0.997175947820374	0.990562736553983	0.994928883808698	0.997041694283195	0.995132861706849	0.996554513575155	0.99811845304066	0.991025681553433	0.989091395816736
13.6	0.996188862688964	0.997175947820374	0.990943551151446	0.994928883808698	0.997041694283195	0.995132861706849	0.996554513575155	0.998268016752081	0.991365481345455	0.989566167415954
13.65	0.996324941129788	0.997380156692635	0.990943551151446	0.994928883808698	0.997191723128199	0.995405217674139	0.996554513575155	0.998268016752081	0.991365481345455	0.989866117869455
13.7	0.996448063165875	0.997517023958178	0.990943551151446	0.995270755400724	0.997191723128199	0.995405217674139	0.996841581602772	0.998268016752081	0.991831110030159	0.989866117869455
13.75	0.996448063165875	0.997517023958178	0.99140988767122	0.995270755400724	0.997411494589095	0.995652101500603	0.996841581602772	0.998377736217852	0.991831110030159	0.990085370992826
13.8	0.996668104899975	0.997599581127926	0.99140988767122	0.995629563750521	0.997411494589095	0.995652101500603	0.996841581602772	0.998377736217852	0.992245047958622	0.990457229273088
13.85	0.996806354805281	0.997654910448039	0.991672677405546	0.995629563750521	0.997577483949525	0.99591456252088	0.997159071872346	0.998474568375681	0.992245047958622	0.990720222287232
13.9	0.9970009180228	0.997654910448039	0.991672677405546	0.995629563750521	0.997577483949525	0.99591456252088	0.997159071872346	0.998474568375681	0.992523065970276	0.990720222287232
13.95	0.9970009180228	0.997752246370397	0.992132905216584	0.995894153544129	0.997730704897615	0.996039767890015	0.997451768684818	0.998600130953966	0.992523065970276	0.991067995944094
14	0.997098706306606	0.997933959505927	0.992132905216584	0.995894153544129	0.997730704897615	0.996039767890015	0.997451768684818	0.998600130953966	0.992523065970276	0.99133361888838
14.05	0.9971689169915	0.997976111711645	0.992132905216584	0.996147075793497	0.997913041695057	0.996249913051827	0.997451768684818	0.998600130953966	0.992915174336343	0.991600556797736
14.1	0.9971689169915	0.997976111711645	0.992526628783452	0.996147075793497	0.997913041695057	0.996249913051827	0.997676920079028	0.998768966511207	0.992915174336343	0.991600556797736
14.15	0.997338291221037	0.998131470618384	0.992526628783452	0.996147075793497	0.997983654884517	0.996475635407451	0.997676920079028	0.998768966511207	0.99332427269201	0.99189704681684
14.2	0.997423412628702	0.99820245231195	0.992852695519596	0.996388079583692	0.997983654884517	0.996475635407451	0.997676920079028	0.99878315437316	0.99332427269201	0.992010549065049
14.25	0.997423412628702	0.99820245231195	0.992852695519596	0.996388079583692	0.998111629199115	0.996603485960442	0.997861597829755	0.99878315437316	0.993537419834279	0.992010549065049
14.3	0.99756600546297	0.998288067154652	0.993181413204815	0.996388079583692	0.998111629199115	0.996603485960442	0.997861597829755	0.99878315437316	0.993537419834279	0.992238660900476
14.35	0.997709322118733	0.998374118807775	0.993181413204815	0.996559705395763	0.998197525791226	0.996803736175241	0.998048017823413	0.998826072655568	0.993966803207834	0.992381922884496
14.4	0.997709322118733	0.998374118807775	0.993181413204815	0.996559705395763	0.998197525791226	0.996990956410309	0.998048017823413	0.998826072655568	0.993966803207834	0.992597853990846
14.45	0.997838958548263	0.998431777783473	0.99354159650296	0.996819402348238	0.99832724125296	0.996990956410309	0.998048017823413	0.998869345634525	0.994384859921654	0.992597853990846
14.5	0.997867911408013	0.998475240420456	0.99354159650296	0.996819402348238	0.99832724125296	0.997164950726103	0.998207232023604	0.998869345634525	0.994384859921654	0.992829287843293
14.55	0.997984301904208	0.998475240420456	0.993919183858071	0.996819402348238	0.998443317728786	0.997164950726103	0.998207232023604	0.998971143544038	0.994631678134223	0.993134498157076
14.6	0.997984301904208	0.998533481810049	0.993919183858071	0.99705225140321	0.998443317728786	0.997310925686989	0.998207232023604	0.998971143544038	0.994631678134223	0.993134498157076
14.65	0.998028165486729	0.998621280704861	0.99427049223975	0.99705225140321	0.998589380627533	0.997310925686989	0.998324096318694	0.998971143544038	0.994880246830569	0.993353543654383
14.7	0.998086939792021	0.998621280704861	0.99427049223975	0.997287107777623	0.998589380627533	0.997428489413876	0.998324096318694	0.999000465125408	0.994880246830569	0.993646988491218
14.75	0.998086939792021	0.998650692606605	0.99427049223975	0.997287107777623	0.998604083647804	0.997428489413876	0.998471516874427	1	0.995160015326	0.993823885897574
14.8	0.998146003625911	0.998695028864433	0.994683579260726	0.997287107777623	0.998678082401142	0.997517250027677	0.998471516874427	1	0.995160015326	0.993823885897574
14.85	0.998235033669643	0.998724731973125	0.994683579260726	0.99753877545234	0.998678082401142	0.997517250027677	0.998471516874427	1	0.995382429735324	0.993942371171315
14.9	0.998235033669643	0.998724731973125	0.995025551691317	0.99753877545234	0.998812150730721	0.997621489865517	0.99863515369129	1	0.995382429735324	0.994269728265237
14.95	0.99832449800627	0.998769505041375	0.995025551691317	0.997717928712308	0.998812150730721	0.997621489865517	0.99863515369129	1	0.995621319286079	0.994643455180073
15	0.998384430425952	0.998844490830476	0.995295256944968	0.997717928712308	0.998887116788025	0.997741404866942	0.99863515369129	1	0.995621319286079	0.994643455180073
15.05	0.998384430425952	0.998844490830476	0.995295256944968	0.997717928712308	0.998887116788025	0.997741404866942	0.998740224341921	1	0.995921990617201	0.99482367460345
15.1	0.998444652374232	0.99887463074959	0.9955368390867	0.997883532566061	0.998947476555454	0.997847016281596	0.998740224341921	1	0.995921990617201	0.995110336988867
15.15	0.99849003598189	0.998935201794767	0.9955368390867	0.997883532566061	0.998947476555454	0.997847016281596	0.998785656676824	1	0.996118765587672	0.995110336988867
15.2	0.998535636735996	0.998935201794767	0.9955368390867	0.998050516451927	0.998993036572215	0.997998869428826	0.998785656676824	1	0.996118765587672	0.995307374123411
15.25	0.998535636735996	0.998996064046891	0.995749837081891	0.998050516451927	0.998993036572215	0.997998869428826	0.998785656676824	1	0.996316879163384	0.995581440527625
15.3	0.998566182003033	0.999026640776428	0.995749837081891	0.998050516451927	0.999038886780166	0.998166985558276	0.998877325458753	1	0.996316879163384	0.995734391727956
15.35	0.998596872034368	1	0.996010436901764	0.998295409423537	1	0.998166985558276	0.998877325458753	1	0.996454961442506	0.995734391727956
15.4	0.998596872034368	1	0.996010436901764	0.998295409423537	1	0.998259273083883	0.998877325458753	1	0.996454961442506	0.995857306357725
15.45	0.998658541625635	1	0.996180328159833	0.998418859569061	1	0.998259273083883	0.998954386203795	1	0.996624861338517	0.995949907582179
15.5	0.998705010965534	1	0.996180328159833	0.998418859569061	1	0.998352148428124	0.998954386203795	1	0.996624861338517	0.995949907582179
15.55	0.998705010965534	1	0.996180328159833	0.998418859569061	1	0.998352148428124	0.999032117042272	1	0.996826990729953	0.996120437789245
15.6	0.998782821776112	1	0.996460406692471	0.998543313374305	1	0.998398880009562	1	1	0.996826990729953	0.996307301246663
15.65	0.998876629041702	1	0.996460406692471	0.998543313374305	1	0.998398880009562	1	1	0.99707741287971	0.996448071717918
15.7	0.998876629041702	1	0.996601483286688	0.99870013520551	1	0.998492930991072	1	1	0.99707741287971	0.996448071717918
15.75	0.998923749820945	1	0.996601483286688	0.99870013520551	1	0.998492930991072	1	1	0.99707741287971	0.996620885811686
15.8	0.998939529129508	1	0.996901501566711	0.99870013520551	1	0.998556023524502	1	1	0.997171939003672	0.996684004135081
15.85	0.999002935892361	1	0.996901501566711	0.998763365767852	1	0.998556023524502	1	1	0.997171939003672	0.9967790968723
15.9	1	1	0.996901501566711	0.998763365767852	1	0.998619507937021	1	1	0.997409798858087	0.9967790968723
15.95	1	1	0.99710827559451	0.998811165062003	1	0.998619507937021	1	1	0.997409798858087	0.99695419485277
16	1	1	0.99710827559451	0.998811165062003	1	0.998667415155728	1	1	0.997505560617657	0.997066105301157
16.05	1	1	0.997396652750337	0.998811165062003	1	0.998667415155728	1	1	0.997505560617657	0.997066105301157
16.1	1	1	0.997396652750337	0.998907516395095	1	0.9988120185398	1	1	0.997618003457926	0.997226669457161
16.15	1	1	0.997493470020878	0.998907516395095	1	0.9988120185398	1	1	0.997618003457926	0.997291171954314
16.2	1	1	0.997493470020878	0.998972252447017	1	0.998876678589588	1	1	0.997747333318162	0.997404535785148
16.25	1	1	0.997704739136238	0.998972252447017	1	0.998876678589588	1	1	0.997747333318162	0.997404535785148
16.3	1	1	0.997704739136238	0.998972252447017	1	0.998925467536246	1	1	0.997910025339797	0.997502120035133
16.35	1	1	0.997704739136238	0.999119037681024	1	0.998925467536246	1	1	0.997910025339797	0.997600119537246
16.4	1	1	0.99783567296878	1	1	0.998990911344214	1	1	0.998024630542379	0.997600119537246
16.45	1	1	0.99783567296878	1	1	0.998990911344214	1	1	0.998024630542379	0.997665729373406
16.5	1	1	0.997984010858287	1	1	0.999106123796564	1	1	0.998238807380987	0.997748087712046
16.55	1	1	0.997984010858287	1	1	1	1	1	0.998238807380987	0.997830792094125
16.6	1	1	0.998100191582937	1	1	1	1	1	0.998338276047379	0.997830792094125
16.65	1	1	0.998100191582937	1	1	1	1	1	0.998338276047379	0.997930452604749
16.7	1	1	0.998100191582937	1	1	1	1	1	0.998438362531574	0.997997169779916
16.75	1	1	0.99828402913831	1	1	1	1	1	0.998438362531574	0.998030666784875
16.8	1	1	0.99828402913831	1	1	1	1	1	0.998589418984573	0.998030666784875
16.85	1	1	0.998351340193067	1	1	1	1	1	0.998589418984573	0.998165208474216
16.9	1	1	0.998351340193067	1	1	1	1	1	0.998673854084409	0.998215869233783
16.95	1	1	0.998469941349481	1	1	1	1	1	0.998673854084409	0.998215869233783
17	1	1	0.998469941349481	1	1	1	1	1	0.998724824053212	0.998300649876501
17.05	1	1	0.998469941349481	1	1	1	1	1	0.998724824053212	0.998402801899889
17.1	1	1	0.998538174473481	1	1	1	1	1	0.998741917012447	0.998436990991728
17.15	1	1	0.998538174473481	1	1	1	1	1	0.998741917012447	0.998436990991728
17.2	1	1	0.998606868632103	1	1	1	1	1	0.998810700727923	0.99848848225555
17.25	1	1	0.998606868632103	1	1	1	1	1	0.998810700727923	0.998557414108731
17.3	1	1	0.998676023825347	1	1	1	1	1	0.998845298524929	0.998557414108731
17.35	1	1	0.998676023825347	1	1	1	1	1	0.998845298524929	0.998643924968647
17.4	1	1	0.998676023825347	1	1	1	1	1	0.998932307865613	0.998661296349318
17.45	1	1	0.998780448167145	1	1	1	1	1	0.998932307865613	0.998696177528036
17.5	1	1	0.998780448167145	1	1	1	1	1	0.998932307865613	0.998696177528036
17.55	1	1	0.998815486798389	1	1	1	1	1	0.999002327216697	0.998766216720224
17.6	1	1	0.998815486798389	1	1	1	1	1	1	0.998783795726959
17.65	1	1	0.99886839052122	1	1	1	1	1	1	0.998836740373227
17.7	1	1	0.99886839052122	1	1	1	1	1	1	0.998836740373227
17.75	1	1	0.998939389852951	1	1	1	1	1	1	0.998872175221449
17.8	1	1	0.998939389852951	1	1	1	1	1	1	0.998907748487046
17.85	1	1	0.998939389852951	1	1	1	1	1	1	0.998907748487046
17.9	1	1	0.998975120036127	1	1	1	1	1	1	0.99894346017002
17.95	1	1	0.998975120036127	1	1	1	1	1	1	0.999051010471067
18	1	1	0.999029061086857	1	1	1	1	1	1	1
