cutoff	SLX-16110-16111.i702_i502.bowtie2.sorted.uniq.bam	SLX-16110-16111.i702_i503.bowtie2.sorted.uniq.bam	SLX-16110-16111.i702_i507.bowtie2.sorted.uniq.bam	SLX-16110-16111.i702_i508.bowtie2.sorted.uniq.bam	SLX-16110-16111.i703_i502.bowtie2.sorted.uniq.bam	SLX-16110-16111.i703_i503.bowtie2.sorted.uniq.bam	SLX-16110-16111.i705_i507.bowtie2.sorted.uniq.bam	SLX-16110-16111.i705_i508.bowtie2.sorted.uniq.bam	SLX-16110-16111.i706_i502.bowtie2.sorted.uniq.bam	SLX-16110-16111.i706_i503.bowtie2.sorted.uniq.bam	SLX-16110-16111.i706_i507.bowtie2.sorted.uniq.bam	SLX-16110-16111.i706_i508.bowtie2.sorted.uniq.bam
0	0	0	0	0	0	0	0	0	0	0	0	0
0.05	0	0	0	0.00615644136001726	0	0	0	0	0	0	0	0
0.1	0	0	0	0.0263351202926518	0.0205010907251107	0.0375577431982383	0.033814645610715	0.0228713234539139	0.0308009960003597	0.0302188229522572	0	0
0.15	0.0784319934746998	0	0.0857432403666568	0.0642182267938077	0.0634199804977522	0.0375577431982383	0.033814645610715	0.073501812299502	0.0890359139009393	0.0905434756602889	0.0513092067843188	0
0.2	0.0784319934746998	0.109642744272056	0.0857432403666568	0.117223276085203	0.123592315385062	0.108896309450614	0.0975550049071788	0.073501812299502	0.0890359139009393	0.0905434756602889	0.0513092067843188	0.120729047475564
0.25	0.0784319934746998	0.109642744272056	0.0857432403666568	0.179010258018759	0.123592315385062	0.108896309450614	0.178158552801316	0.146800176223129	0.163283180268596	0.169632601429096	0.142252154418624	0.120729047475564
0.3	0.210401048648387	0.109642744272056	0.211169608183084	0.274102601224137	0.193888933129806	0.199750900975242	0.178158552801316	0.23279751537524	0.241613753418134	0.254714689570199	0.142252154418624	0.120729047475564
0.35	0.210401048648387	0.27479823575128	0.211169608183084	0.333418519146966	0.267538223350955	0.296007873153515	0.263092134619974	0.23279751537524	0.241613753418134	0.254714689570199	0.249983439238079	0.120729047475564
0.4	0.354390128628496	0.27479823575128	0.211169608183084	0.386967717961298	0.339806813250145	0.296007873153515	0.263092134619974	0.32131943505004	0.316075984416925	0.336646682423603	0.249983439238079	0.28984469231378
0.45	0.354390128628496	0.27479823575128	0.336628830123508	0.434493957221938	0.407061297759801	0.387352714604953	0.345322206124595	0.405663076928395	0.382888042160203	0.410210172562823	0.356886737472211	0.28984469231378
0.5	0.354390128628496	0.438385296337203	0.336628830123508	0.476154897087303	0.407061297759801	0.387352714604953	0.419518571418511	0.481956006176417	0.382888042160203	0.410210172562823	0.356886737472211	0.28984469231378
0.55	0.483205447714058	0.438385296337203	0.443747511128993	0.528580622134498	0.468051588531349	0.468902536058533	0.419518571418511	0.481956006176417	0.441273150822746	0.473440971526834	0.452825317495305	0.447749067423145
0.6	0.483205447714058	0.438385296337203	0.443747511128993	0.558037914433632	0.522473222786482	0.468902536058533	0.484208196302555	0.548082444366959	0.491126855246159	0.52716252841507	0.452825317495305	0.447749067423145
0.65	0.483205447714058	0.438385296337203	0.443747511128993	0.583638782340851	0.569943191467111	0.539115523186914	0.540555935766843	0.605111289366607	0.491126855246159	0.52716252841507	0.534885927514447	0.447749067423145
0.7	0.58742965473864	0.573152749830883	0.528472136759674	0.606031237565765	0.569943191467111	0.597837919729861	0.540555935766843	0.605111289366607	0.533860540109031	0.571899113771107	0.534885927514447	0.447749067423145
0.75	0.58742965473864	0.573152749830883	0.528472136759674	0.625746543616916	0.611618964832951	0.597837919729861	0.588606924341084	0.652657379456484	0.56957151210221	0.608996807494998	0.602620937603891	0.573030636363943
0.8	0.666857376585	0.573152749830883	0.528472136759674	0.651336620056253	0.647955701945012	0.646988815533616	0.588606924341084	0.692637419921752	0.56957151210221	0.608996807494998	0.602620937603891	0.573030636363943
0.85	0.666857376585	0.674177323295199	0.593972582412176	0.666061077112802	0.679283066912412	0.646988815533616	0.628855081027685	0.726204496597232	0.599866134003714	0.640001067323598	0.657686526977971	0.573030636363943
0.9	0.666857376585	0.674177323295199	0.593972582412176	0.679374674961101	0.706476070408936	0.687364584727074	0.663175569479327	0.726204496597232	0.625808068606615	0.665869950346348	0.657686526977971	0.664892309777412
0.95	0.72587273306172	0.674177323295199	0.593972582412176	0.691436143799634	0.706476070408936	0.687364584727074	0.663175569479327	0.754227940229506	0.647658016145617	0.665869950346348	0.702210508867142	0.664892309777412
1	0.72587273306172	0.74677468725796	0.643920159550579	0.7021675983718	0.730215532143051	0.720477019252678	0.692734845201368	0.777519003863684	0.647658016145617	0.68782804641695	0.702210508867142	0.664892309777412
1.05	0.72587273306172	0.74677468725796	0.643920159550579	0.716671080771656	0.751008037241683	0.748013620097435	0.71832812418974	0.777519003863684	0.666714809407267	0.706273514938842	0.738313484972563	0.664892309777412
1.1	0.769484973246508	0.74677468725796	0.682138266854612	0.725263730156477	0.769214911384382	0.748013620097435	0.71832812418974	0.797679658218019	0.68356367446404	0.706273514938842	0.738313484972563	0.729916754145971
1.15	0.769484973246508	0.74677468725796	0.682138266854612	0.733366733761214	0.769214911384382	0.770801651474125	0.740336489122579	0.814491847280909	0.68356367446404	0.722505852205347	0.767479691045722	0.729916754145971
1.2	0.802115051610264	0.797186100147683	0.682138266854612	0.740846473178683	0.785191915489832	0.770801651474125	0.740336489122579	0.829262072346468	0.698592379208405	0.736584983368162	0.767479691045722	0.729916754145971
1.25	0.802115051610264	0.797186100147683	0.712462212623952	0.747661194079564	0.799415700109281	0.79010326832706	0.759175353729873	0.829262072346468	0.711547080099017	0.736584983368162	0.79135314972299	0.776324871328899
1.3	0.802115051610264	0.797186100147683	0.712462212623952	0.756917017869373	0.812167317647744	0.79010326832706	0.775952594659273	0.841837341365133	0.711547080099017	0.748693143496813	0.79135314972299	0.776324871328899
1.35	0.82674790078862	0.832802351536562	0.712462212623952	0.762521204722137	0.82335498153235	0.806613410773732	0.775952594659273	0.852536905274281	0.723219506388104	0.759529310293554	0.811325892202678	0.776324871328899
1.4	0.82674790078862	0.832802351536562	0.736388228422131	0.7678357294528	0.82335498153235	0.820609048330312	0.790818100162805	0.852536905274281	0.734054686652031	0.759529310293554	0.811325892202678	0.776324871328899
1.45	0.82674790078862	0.832802351536562	0.736388228422131	0.772809275671895	0.833527492317272	0.820609048330312	0.803871582339787	0.862155363002923	0.734054686652031	0.768945236088328	0.827856159660786	0.809694694428142
1.5	0.845804538586893	0.857903540092134	0.736388228422131	0.777295202356984	0.842394075256675	0.832451057004873	0.803871582339787	0.870448265999542	0.743677399288304	0.777480843516572	0.827856159660786	0.809694694428142
1.55	0.845804538586893	0.857903540092134	0.75574998504453	0.783596782129985	0.850722027722104	0.832451057004873	0.815187065019971	0.870448265999542	0.752172842359076	0.777480843516572	0.8419109151544	0.809694694428142
1.6	0.861189237547665	0.857903540092134	0.75574998504453	0.787631083607489	0.857925834530237	0.842706217774744	0.815187065019971	0.877712424485756	0.752172842359076	0.785242715870484	0.8419109151544	0.834580868121433
1.65	0.861189237547665	0.857903540092134	0.771914214049273	0.791329620172887	0.857925834530237	0.851435703418404	0.825385548115649	0.883966115648299	0.759976780610322	0.792167350377369	0.853872987867426	0.834580868121433
1.7	0.861189237547665	0.876864178423135	0.771914214049273	0.794933287441516	0.864765885073617	0.851435703418404	0.834541135482335	0.889556817739964	0.767137210895548	0.792167350377369	0.853872987867426	0.834580868121433
1.75	0.873126053116908	0.876864178423135	0.771914214049273	0.798454197356231	0.870862176544277	0.859533070351124	0.834541135482335	0.889556817739964	0.767137210895548	0.79861645942676	0.853872987867426	0.834580868121433
1.8	0.873126053116908	0.876864178423135	0.785588648024051	0.803296879952137	0.876602195394105	0.859533070351124	0.842773545659819	0.894743586948	0.773840431032169	0.804580353628457	0.864382967645268	0.853220904513295
1.85	0.873126053116908	0.891225367071465	0.785588648024051	0.806298934269693	0.876602195394105	0.866592148677791	0.85011566923624	0.899519507580128	0.780036985295748	0.804580353628457	0.864382967645268	0.853220904513295
1.9	0.883408223855108	0.891225367071465	0.785588648024051	0.809208942374905	0.881721775388982	0.866592148677791	0.85011566923624	0.899519507580128	0.785988303356453	0.810218833386986	0.873319288708321	0.853220904513295
1.95	0.883408223855108	0.891225367071465	0.797478555497255	0.812088534022117	0.886532415211754	0.872884007561476	0.856768690976999	0.903878934173265	0.785988303356453	0.815249564778679	0.873319288708321	0.867689536083377
2	0.892037869742829	0.902256890726961	0.797478555497255	0.814904242000807	0.890977955551633	0.878583748657452	0.856768690976999	0.907791240090183	0.791498896510031	0.815249564778679	0.881287925561358	0.867689536083377
2.05	0.892037869742829	0.902256890726961	0.797478555497255	0.818716293880266	0.89504905784441	0.878583748657452	0.86299869654039	0.911399184978608	0.796457890566007	0.819982757357471	0.881287925561358	0.867689536083377
2.1	0.892037869742829	0.902256890726961	0.807899472951406	0.82115807977349	0.89504905784441	0.883889901493604	0.868656037751673	0.911399184978608	0.796457890566007	0.82440082115346	0.888439702188565	0.867689536083377
2.15	0.899580760593377	0.902256890726961	0.807899472951406	0.82355922691108	0.898890661723624	0.883889901493604	0.868656037751673	0.914731419563689	0.801073612292796	0.82440082115346	0.888439702188565	0.87946274938679
2.2	0.899580760593377	0.911182320939819	0.817052631895961	0.825867098428592	0.902594233948304	0.888590660747571	0.873999437899048	0.917857524177931	0.805642796037006	0.828345520971306	0.894722386513451	0.87946274938679
2.25	0.899580760593377	0.911182320939819	0.817052631895961	0.828053395181345	0.905864970118194	0.888590660747571	0.87893350627434	0.917857524177931	0.805642796037006	0.832162395372288	0.894722386513451	0.87946274938679
2.3	0.90591473252669	0.911182320939819	0.817052631895961	0.831142578080311	0.905864970118194	0.893080135298567	0.87893350627434	0.920856394167926	0.809808018421455	0.832162395372288	0.90045658252426	0.88905666199501
2.35	0.90591473252669	0.91839653987813	0.82523029714228	0.833130484851773	0.908941323434455	0.897133157259855	0.883484491327448	0.923695144711214	0.81386017830904	0.835773780167265	0.90045658252426	0.88905666199501
2.4	0.911612445292908	0.91839653987813	0.82523029714228	0.83525943201044	0.911956400418445	0.897133157259855	0.883484491327448	0.926334398702785	0.81386017830904	0.839275078582818	0.905697922018437	0.88905666199501
2.45	0.911612445292908	0.91839653987813	0.82523029714228	0.837235454507144	0.914790462767432	0.900911118642738	0.887582610594002	0.926334398702785	0.817742890338423	0.839275078582818	0.905697922018437	0.88905666199501
2.5	0.911612445292908	0.924677551545042	0.83232678792485	0.839053338742424	0.917624269265346	0.900911118642738	0.891477464425348	0.928767240450364	0.821658937568494	0.842588179227185	0.91037346552822	0.897349930013608
2.55	0.916393133965944	0.924677551545042	0.83232678792485	0.841968514913478	0.917624269265346	0.904552243895607	0.891477464425348	0.930972358330809	0.821658937568494	0.845593678999596	0.91037346552822	0.897349930013608
2.6	0.916393133965944	0.924677551545042	0.83232678792485	0.843691985188187	0.920254418308191	0.904552243895607	0.895311018523083	0.930972358330809	0.825184663881974	0.845593678999596	0.914708109745877	0.897349930013608
2.65	0.920871592909672	0.930113144342021	0.838826565680391	0.845343057007477	0.922640869202854	0.907879001806028	0.899034617223977	0.933032458378294	0.828446115726979	0.848518011495642	0.914708109745877	0.897349930013608
2.7	0.920871592909672	0.930113144342021	0.838826565680391	0.847060266409469	0.925002246692245	0.910975038556204	0.899034617223977	0.9351133760709	0.83160654076027	0.851491014543998	0.918578640542249	0.904420227633151
2.75	0.920871592909672	0.930113144342021	0.844899102931834	0.848673590857978	0.927139306752326	0.910975038556204	0.902364969330927	0.9351133760709	0.83160654076027	0.851491014543998	0.918578640542249	0.904420227633151
2.8	0.925187210846245	0.930113144342021	0.844899102931834	0.850942189628448	0.927139306752326	0.913898837057757	0.902364969330927	0.937136216062034	0.834539163098268	0.854262552809972	0.922381073897674	0.904420227633151
2.85	0.925187210846245	0.934832516293858	0.844899102931834	0.852387654387714	0.929295107903592	0.913898837057757	0.905440359360485	0.939027446195032	0.837426633381067	0.856936228234928	0.922381073897674	0.910721922328287
2.9	0.925187210846245	0.934832516293858	0.850573831498591	0.853997336146643	0.931370379929251	0.916710702390181	0.908318405861215	0.940850225088142	0.837426633381067	0.856936228234928	0.925767608056267	0.910721922328287
2.95	0.929227363808142	0.934832516293858	0.850573831498591	0.855533116840703	0.933315231869833	0.919362911109271	0.908318405861215	0.940850225088142	0.840163475240626	0.859459345442935	0.925767608056267	0.910721922328287
3	0.929227363808142	0.939099032604943	0.850573831498591	0.856971318987617	0.933315231869833	0.919362911109271	0.911137233298143	0.942604835014517	0.842750418112408	0.862008400403168	0.929107782383656	0.910721922328287
3.05	0.93268319712679	0.939099032604943	0.855901401488484	0.858349598890929	0.935106956942503	0.921983795894985	0.913752475196815	0.944282878347821	0.842750418112408	0.862008400403168	0.929107782383656	0.916024822477319
3.1	0.93268319712679	0.939099032604943	0.855901401488484	0.86028263765058	0.937127157024439	0.921983795894985	0.913752475196815	0.944282878347821	0.845565893114946	0.864324760931067	0.932179893864833	0.916024822477319
3.15	0.93268319712679	0.943174567733224	0.860693449257285	0.861585104076992	0.938832148582953	0.924439036944367	0.916330425090445	0.94588506077094	0.848078287682344	0.866713270149069	0.932179893864833	0.916024822477319
3.2	0.936308363893074	0.943174567733224	0.860693449257285	0.862969940821548	0.940632700517683	0.924439036944367	0.916330425090445	0.94738393121963	0.848078287682344	0.866713270149069	0.935271373453268	0.921015433454716
3.25	0.936308363893074	0.943174567733224	0.860693449257285	0.864364772195642	0.940632700517683	0.926763428986734	0.918676780429156	0.948808987238501	0.85036667261886	0.869011220835588	0.935271373453268	0.921015433454716
3.3	0.936308363893074	0.943174567733224	0.865276599554362	0.865586894549988	0.942267013216947	0.928989076884551	0.921016173526582	0.948808987238501	0.852703783844347	0.871113371306302	0.938024117208367	0.921015433454716
3.35	0.939458522513995	0.946802050737058	0.865276599554362	0.867435126942837	0.94388680636775	0.928989076884551	0.921016173526582	0.95046402530974	0.852703783844347	0.871113371306302	0.938024117208367	0.921015433454716
3.4	0.939458522513995	0.946802050737058	0.865276599554362	0.868773701529718	0.945514019199704	0.931046564718977	0.92318743249827	0.95208991867781	0.854998879587128	0.87314590723512	0.940723495646657	0.925469756341903
3.45	0.942348851016908	0.946802050737058	0.8694689226681	0.869989676845396	0.945514019199704	0.931046564718977	0.925351889280197	0.95208991867781	0.857127882874839	0.87512418257882	0.940723495646657	0.925469756341903
3.5	0.942348851016908	0.950203934112983	0.8694689226681	0.871323151666864	0.947133940276044	0.933111688304476	0.925351889280197	0.953538756209921	0.857127882874839	0.87512418257882	0.940723495646657	0.925469756341903
3.55	0.942348851016908	0.950203934112983	0.8694689226681	0.872465999989208	0.94863610589548	0.933111688304476	0.927316681786201	0.954868968448989	0.85931969055597	0.877127948472121	0.943164907379754	0.930031124525882
3.6	0.945042683821196	0.950203934112983	0.873505051800687	0.874220546959403	0.950043798505766	0.935082579780149	0.927316681786201	0.956250977811848	0.86129266759801	0.87897400090648	0.943164907379754	0.930031124525882
3.65	0.945042683821196	0.953432559624888	0.873505051800687	0.875324691704951	0.95143652382821	0.936937546671359	0.929480978516604	0.956250977811848	0.863335086896188	0.87897400090648	0.945523077460375	0.930031124525882
3.7	0.945042683821196	0.953432559624888	0.877371160841608	0.876291711954595	0.95143652382821	0.936937546671359	0.931325252225196	0.957524312010349	0.863335086896188	0.88088042569516	0.945523077460375	0.930031124525882
3.75	0.947658209843361	0.953432559624888	0.877371160841608	0.877438362334189	0.952816584522481	0.938713552954888	0.931325252225196	0.958814653166389	0.865221188174509	0.882807123669488	0.948030217131936	0.93419262102267
3.8	0.947658209843361	0.953432559624888	0.877371160841608	0.878493421837637	0.954201570349931	0.938713552954888	0.933134394624317	0.958814653166389	0.867060824413796	0.882807123669488	0.948030217131936	0.93419262102267
3.85	0.95022497631253	0.956442211048617	0.881000993974143	0.880130218867133	0.955583166150647	0.940511772332446	0.934951299522342	0.960117908319232	0.867060824413796	0.884567089598611	0.950393538304913	0.93419262102267
3.9	0.95022497631253	0.956442211048617	0.881000993974143	0.88101892129079	0.955583166150647	0.940511772332446	0.934951299522342	0.961313335127179	0.868924240249198	0.886233664712963	0.950393538304913	0.937945045244774
3.95	0.95022497631253	0.956442211048617	0.881000993974143	0.881965041608963	0.956831719392776	0.942218102387439	0.936770765244748	0.961313335127179	0.870830692776955	0.887991543696504	0.952519291098428	0.937945045244774
4	0.952772927954183	0.959364074070884	0.884311868319576	0.883037745390068	0.958207814395397	0.943918445319432	0.936770765244748	0.962459364133145	0.870830692776955	0.887991543696504	0.952519291098428	0.937945045244774
4.05	0.952772927954183	0.959364074070884	0.884311868319576	0.884151065159999	0.959372384522417	0.943918445319432	0.938539334582589	0.963493118992036	0.872636045549451	0.88964977102853	0.954544288525457	0.937945045244774
4.1	0.952772927954183	0.959364074070884	0.884311868319576	0.885553227446874	0.960633218616108	0.945663908598671	0.94023307983306	0.964667798723152	0.874461968402023	0.891281315270621	0.954544288525457	0.941371556348379
4.15	0.954912915835844	0.962105391135425	0.887445330395445	0.886581900217671	0.960633218616108	0.945663908598671	0.94023307983306	0.964667798723152	0.874461968402023	0.891281315270621	0.956394560899768	0.941371556348379
4.2	0.954912915835844	0.962105391135425	0.887445330395445	0.887367423458953	0.961743292464322	0.947267416323882	0.941856002284255	0.965758643327476	0.876295550326962	0.89294669784464	0.956394560899768	0.941371556348379
4.25	0.957143135390306	0.962105391135425	0.890403159800132	0.888431589686353	0.96301397682437	0.947267416323882	0.943454997032645	0.966800231266395	0.878063993664999	0.894565347744388	0.95836289631088	0.944679521420826
4.3	0.957143135390306	0.962105391135425	0.890403159800132	0.889319563572093	0.964179634318456	0.948938344260266	0.943454997032645	0.966800231266395	0.878063993664999	0.894565347744388	0.95836289631088	0.944679521420826
4.35	0.957143135390306	0.96477117704701	0.890403159800132	0.890596007534812	0.965306146598188	0.950456817484898	0.944993412279281	0.967928053653917	0.879854320066945	0.896087029208369	0.960154240188637	0.944679521420826
4.4	0.959499891284747	0.96477117704701	0.893333747660342	0.891498779846975	0.965306146598188	0.950456817484898	0.944993412279281	0.968947483150233	0.88153493937516	0.897630549067184	0.960154240188637	0.944679521420826
4.45	0.959499891284747	0.96477117704701	0.893333747660342	0.892530776572015	0.966268274562743	0.951841925375457	0.946599929449288	0.969970017651246	0.88314122920963	0.897630549067184	0.961957225535119	0.947921843840198
4.5	0.959499891284747	0.967414270485009	0.893333747660342	0.893505856272355	0.967324939499216	0.951841925375457	0.94802950965975	0.969970017651246	0.88314122920963	0.899151037990832	0.961957225535119	0.947921843840198
4.55	0.961576677245811	0.967414270485009	0.896459817558312	0.894500082859805	0.968192338603546	0.953425649563799	0.94802950965975	0.970886840856019	0.884611041668855	0.900524099115903	0.963697882664091	0.947921843840198
4.6	0.961576677245811	0.967414270485009	0.896459817558312	0.895781376153028	0.968192338603546	0.954828284973866	0.949502863961966	0.97169414207697	0.886054010903018	0.900524099115903	0.963697882664091	0.951050043587783
4.65	0.963593971252269	0.969626538201868	0.896459817558312	0.896717251406756	0.969223930134747	0.954828284973866	0.95087210474796	0.97169414207697	0.886054010903018	0.90192891162732	0.965274116925057	0.951050043587783
4.7	0.963593971252269	0.969626538201868	0.899089516399615	0.897568798396688	0.970073739477725	0.956266756352034	0.95087210474796	0.972681533570288	0.887608583763117	0.903346991149935	0.965274116925057	0.951050043587783
4.75	0.963593971252269	0.969626538201868	0.899089516399615	0.898357622825403	0.970968322758689	0.956266756352034	0.952213016414244	0.973650789013449	0.889158998841073	0.903346991149935	0.966937507668689	0.951050043587783
4.8	0.965554423279825	0.969626538201868	0.901935504890542	0.899297186302331	0.971918169871681	0.957679370300434	0.952213016414244	0.974620115024899	0.889158998841073	0.904830511323282	0.966937507668689	0.954040588391725
4.85	0.965554423279825	0.971816941637608	0.901935504890542	0.900494310699429	0.971918169871681	0.957679370300434	0.953624670854041	0.974620115024899	0.89068030944403	0.906187025951243	0.968448220034885	0.954040588391725
4.9	0.965554423279825	0.971816941637608	0.901935504890542	0.901324684556173	0.972754291182189	0.958991331166515	0.954918287295046	0.9754332734138	0.892151361943543	0.906187025951243	0.968448220034885	0.954040588391725
4.95	0.967343819375536	0.971816941637608	0.904759316847773	0.902197108710766	0.973719617285171	0.960301990484119	0.954918287295046	0.976258216706887	0.892151361943543	0.907549652348406	0.969971295022736	0.954040588391725
5	0.967343819375536	0.973834418486316	0.904759316847773	0.903008153545923	0.97462763274753	0.960301990484119	0.95612395542373	0.976258216706887	0.893555087549762	0.908892974498941	0.969971295022736	0.956889231827026
5.05	0.969201717343256	0.973834418486316	0.904759316847773	0.903771251479473	0.97462763274753	0.961635643824838	0.957298653582561	0.977104965601135	0.894868727876222	0.908892974498941	0.971374658624232	0.956889231827026
5.1	0.969201717343256	0.973834418486316	0.907261432174235	0.905197455517581	0.975370432378721	0.961635643824838	0.957298653582561	0.977851860367092	0.894868727876222	0.910286756012285	0.971374658624232	0.956889231827026
5.15	0.969201717343256	0.975826718284038	0.907261432174235	0.905972779228036	0.976224974966571	0.962848947316268	0.958399808066213	0.977851860367092	0.896232042757756	0.91166503450131	0.971374658624232	0.959577926587451
5.2	0.9709276465208	0.975826718284038	0.907261432174235	0.906625503667289	0.976981398667464	0.962848947316268	0.958399808066213	0.978583371246146	0.897604475582585	0.91166503450131	0.972765453560378	0.959577926587451
5.25	0.9709276465208	0.975826718284038	0.909695922762145	0.907310124407184	0.977726181144479	0.964103640049306	0.959616999904609	0.979371901302345	0.897604475582585	0.91286502821066	0.972765453560378	0.959577926587451
5.3	0.972628930924276	0.977745474590724	0.909695922762145	0.908163902544485	0.977726181144479	0.96536336543646	0.960837072670434	0.980096990467142	0.899075017477274	0.914325591982611	0.973979153941322	0.959577926587451
5.35	0.972628930924276	0.977745474590724	0.912333287565714	0.909415576218054	0.97845881069547	0.96536336543646	0.960837072670434	0.980096990467142	0.90020921667968	0.914325591982611	0.973979153941322	0.962009004898074
5.4	0.972628930924276	0.977745474590724	0.912333287565714	0.910218106266316	0.979253995834105	0.96668140019544	0.962027375852834	0.980783478778104	0.901493898418234	0.915575970520999	0.975382723586512	0.962009004898074
5.45	0.974160881880115	0.977745474590724	0.912333287565714	0.911032497822525	0.980080394803793	0.96668140019544	0.963072192200113	0.981473566071783	0.901493898418234	0.91678386481005	0.975382723586512	0.962009004898074
5.5	0.974160881880115	0.979527413501922	0.914654978994579	0.911793637810426	0.980707485786673	0.967758301406349	0.963072192200113	0.981473566071783	0.902763116124959	0.91678386481005	0.976616719271339	0.964373025080625
5.55	0.974160881880115	0.979527413501922	0.914654978994579	0.912627403921842	0.980707485786673	0.967758301406349	0.964204156602093	0.982156102558587	0.904088062701105	0.918107584578873	0.976616719271339	0.964373025080625
5.6	0.975719067595448	0.979527413501922	0.914654978994579	0.913670055513906	0.981341868525169	0.96893559538988	0.964204156602093	0.982791640565221	0.904088062701105	0.919275901435647	0.977818366096169	0.964373025080625
5.65	0.975719067595448	0.981216926133845	0.917029100129651	0.914351853169376	0.982011686637442	0.969995923550166	0.965257295628609	0.983406996041331	0.905323726376503	0.919275901435647	0.977818366096169	0.964373025080625
5.7	0.977240286149677	0.981216926133845	0.917029100129651	0.915033491457176	0.982683423632772	0.969995923550166	0.966433434251154	0.983406996041331	0.906518541665937	0.920567422615499	0.978889278197002	0.966660432678859
5.75	0.977240286149677	0.981216926133845	0.919179402545018	0.915794881879985	0.982683423632772	0.970992389065118	0.966433434251154	0.984144364088334	0.906518541665937	0.921858720194038	0.978889278197002	0.966660432678859
5.8	0.977240286149677	0.982677857644978	0.919179402545018	0.916487243335238	0.983247575251398	0.970992389065118	0.967459044415578	0.984705664255419	0.90771138747962	0.921858720194038	0.980123892012912	0.966660432678859
5.85	0.978598663696751	0.982677857644978	0.919179402545018	0.917115425153441	0.983817995221342	0.972114410623273	0.968452164120674	0.984705664255419	0.908878484221435	0.923027260652124	0.980123892012912	0.968902545077128
5.9	0.978598663696751	0.982677857644978	0.921304379906473	0.918249143985024	0.984424106416137	0.973158773122226	0.968452164120674	0.985267952378543	0.908878484221435	0.924299104916494	0.981145662692668	0.968902545077128
5.95	0.978598663696751	0.982677857644978	0.921304379906473	0.918990522381948	0.985001114551242	0.973158773122226	0.969435200579771	0.985848870529843	0.910119253945079	0.924299104916494	0.981145662692668	0.968902545077128
6	0.979838852327321	0.98418053005643	0.921304379906473	0.919785334481661	0.985001114551242	0.974182571155221	0.969435200579771	0.986448700982473	0.911160012464593	0.925652638193623	0.982101705433959	0.968902545077128
6.05	0.979838852327321	0.98418053005643	0.923310124176269	0.920405434082356	0.985566289574165	0.974182571155221	0.97030548074036	0.986448700982473	0.911160012464593	0.926763489513136	0.982101705433959	0.971044158750475
6.1	0.981112695649363	0.98418053005643	0.923310124176269	0.921090851660596	0.986131400634319	0.975209059055072	0.971187364636424	0.986928141934846	0.912298223562049	0.926763489513136	0.983104623115692	0.971044158750475
6.15	0.981112695649363	0.985259167924967	0.923310124176269	0.922083211369636	0.986782285767101	0.975209059055072	0.971187364636424	0.987419297223117	0.91333985740412	0.927881943277266	0.983104623115692	0.971044158750475
6.2	0.981112695649363	0.985259167924967	0.92533681295011	0.922713647102016	0.986782285767101	0.976287175044561	0.972043880365967	0.987419297223117	0.914524095879331	0.929106831266052	0.983932918766552	0.972914355092782
6.25	0.982320819573887	0.985259167924967	0.92533681295011	0.923492021564996	0.987365498290755	0.977136825891166	0.973011391827257	0.987959568040215	0.914524095879331	0.929106831266052	0.983932918766552	0.972914355092782
6.3	0.982320819573887	0.986536903262482	0.927370757009667	0.924150574307578	0.987923381558063	0.977136825891166	0.973011391827257	0.98842433078857	0.915722266571898	0.930139869328884	0.984888137333067	0.972914355092782
6.35	0.982320819573887	0.986536903262482	0.927370757009667	0.924883506218037	0.988461628255425	0.978017280051756	0.97384590047228	0.988837155276557	0.916864562507951	0.931102845647194	0.984888137333067	0.972914355092782
6.4	0.983433809370553	0.986536903262482	0.927370757009667	0.92604370284951	0.988922160188997	0.978017280051756	0.97384590047228	0.988837155276557	0.916864562507951	0.931102845647194	0.985769592257043	0.974812507066317
6.45	0.983433809370553	0.986536903262482	0.929493954772739	0.926738204384892	0.988922160188997	0.978781375778391	0.974754993127388	0.989299518703102	0.917878769576589	0.932237398705811	0.985769592257043	0.974812507066317
6.5	0.984453122525999	0.987706145386869	0.929493954772739	0.927560769225848	0.98946482031739	0.978781375778391	0.975519879359563	0.98975397848133	0.919079785067464	0.933119282281527	0.986528966292179	0.974812507066317
6.55	0.984453122525999	0.987706145386869	0.929493954772739	0.928154254425794	0.989967183901594	0.979672936485996	0.975519879359563	0.98975397848133	0.919079785067464	0.933119282281527	0.986528966292179	0.976560441755592
6.6	0.984453122525999	0.987706145386869	0.931392923139557	0.928738883336696	0.990283415829314	0.980484061497645	0.976300770744118	0.990160875233078	0.920208951165171	0.934221189548547	0.987254240095917	0.976560441755592
6.65	0.985433613537348	0.989018002254009	0.931392923139557	0.929679607920928	0.990283415829314	0.980484061497645	0.976951700291358	0.990545613542224	0.921324112101976	0.935322351477859	0.987254240095917	0.976560441755592
6.7	0.985433613537348	0.989018002254009	0.931392923139557	0.930301096297026	0.990682543505076	0.98128581536025	0.976951700291358	0.990545613542224	0.921324112101976	0.935322351477859	0.988097989023846	0.976560441755592
6.75	0.985433613537348	0.989018002254009	0.933204006724692	0.931014380450559	0.991072076765556	0.98128581536025	0.977751637807243	0.991008188673634	0.922297179010465	0.936328557383215	0.988097989023846	0.978200977279326
6.8	0.986366139988412	0.990111381948452	0.933204006724692	0.931590130305609	0.99154668050821	0.98221303849616	0.977751637807243	0.991448534794153	0.923341876481483	0.937420551658723	0.988737136563391	0.978200977279326
6.85	0.986366139988412	0.990111381948452	0.935045206590154	0.932265120684924	0.991895725336196	0.98221303849616	0.978506680870706	0.991783945869606	0.923341876481483	0.937420551658723	0.988737136563391	0.978200977279326
6.9	0.987372070766541	0.990111381948452	0.935045206590154	0.93333768786517	0.991895725336196	0.982871101406766	0.979201784638511	0.991783945869606	0.924569224592596	0.938387403733113	0.988737136563391	0.9800157931623
6.95	0.987372070766541	0.990111381948452	0.935045206590154	0.933843725748367	0.992206584391357	0.983551377411401	0.979201784638511	0.992095152022088	0.925698755408034	0.939454876398039	0.989406675547837	0.9800157931623
7	0.987372070766541	0.991071422655768	0.936916248951577	0.934450529532093	0.992520321771103	0.983551377411401	0.979884084284413	0.992451451310951	0.925698755408034	0.939454876398039	0.989406675547837	0.9800157931623
7.05	0.988207740605538	0.991071422655768	0.936916248951577	0.935068625653518	0.992829901570894	0.984275298675006	0.980588310989074	0.992451451310951	0.926630098608004	0.940505802565855	0.990219311877935	0.9800157931623
7.1	0.988207740605538	0.991071422655768	0.936916248951577	0.935704957989658	0.993191994803665	0.984275298675006	0.980588310989074	0.992804292753674	0.927656049587606	0.941546666674617	0.990219311877935	0.981579893036093
7.15	0.988207740605538	0.99197597446782	0.93872432090868	0.936553431460257	0.993191994803665	0.984908545394627	0.98122219504903	0.993146407816539	0.92864968657617	0.941546666674617	0.990844860533659	0.981579893036093
7.2	0.988937543915066	0.99197597446782	0.93872432090868	0.937235821052783	0.993471384176698	0.984908545394627	0.98122219504903	0.993563889811569	0.92864968657617	0.942648573941637	0.990844860533659	0.981579893036093
7.25	0.988937543915066	0.99197597446782	0.93872432090868	0.937814120790539	0.993818318233323	0.985664745060493	0.981863201401795	0.993563889811569	0.929689569773128	0.943776418960884	0.991299186879467	0.981579893036093
7.3	0.989666287234312	0.992806817150342	0.940516376480335	0.938454164116689	0.994095404946689	0.986276993464665	0.982467635981375	0.993847362626653	0.930659718939763	0.943776418960884	0.991299186879467	0.982979974744387
7.35	0.989666287234312	0.992806817150342	0.940516376480335	0.939032463854445	0.994095404946689	0.986276993464665	0.982467635981375	0.994155604911017	0.930659718939763	0.944784413676738	0.991877036419974	0.982979974744387
7.4	0.989666287234312	0.992806817150342	0.942268322642282	0.939946801706026	0.994316076498192	0.986874404216184	0.98314497403004	0.994155604911017	0.93160273310715	0.945640359500227	0.991877036419974	0.982979974744387
7.45	0.990467639887911	0.992806817150342	0.942268322642282	0.940363183891917	0.994538666932752	0.986874404216184	0.983636172156541	0.994407533701121	0.932421159697348	0.945640359500227	0.992351761091512	0.984391911055798
7.5	0.990467639887911	0.993477653048311	0.942268322642282	0.940976316848789	0.994852979977415	0.987463918906935	0.983636172156541	0.994661861813036	0.932421159697348	0.946601845143122	0.992351761091512	0.984391911055798
7.55	0.990467639887911	0.993477653048311	0.944188235513145	0.941638443980523	0.995086955784777	0.987962151664411	0.984215398621124	0.99482797956427	0.933352794671503	0.947505194444819	0.992900764514825	0.984391911055798
7.6	0.991041624625906	0.993477653048311	0.944188235513145	0.942175922828164	0.995086955784777	0.987962151664411	0.984215398621124	0.99482797956427	0.934384508191268	0.947505194444819	0.992900764514825	0.984391911055798
7.65	0.991041624625906	0.994178635152066	0.944188235513145	0.942984212879325	0.995292468160133	0.988580647501278	0.984831196858893	0.995102349070132	0.934384508191268	0.948387078020535	0.993358181516047	0.985670084979811
7.7	0.991687158707973	0.994178635152066	0.945836417400146	0.943575876734481	0.995538085191372	0.988580647501278	0.985322875139965	0.995340799317125	0.935564005335966	0.949600040605998	0.993358181516047	0.985670084979811
7.75	0.991687158707973	0.994178635152066	0.945836417400146	0.944263707594568	0.995770270041214	0.989136669011189	0.985322875139965	0.995340799317125	0.936545971357112	0.949600040605998	0.993852686382232	0.985670084979811
7.8	0.991687158707973	0.994778080859412	0.945836417400146	0.944932368800737	0.995770270041214	0.989136669011189	0.985897300058835	0.995534862110623	0.936545971357112	0.950506967528692	0.993852686382232	0.986830066741416
7.85	0.992273465833002	0.994778080859412	0.947599862505491	0.945456210329261	0.995988766858587	0.989597417172492	0.986273741242781	0.995762021431448	0.937334272262662	0.951375658626982	0.994298977023965	0.986830066741416
7.9	0.992273465833002	0.994778080859412	0.947599862505491	0.946306960480848	0.996153982689756	0.990047492636273	0.986273741242781	0.995762021431448	0.938192963690453	0.952244722394126	0.994298977023965	0.986830066741416
7.95	0.992806110949978	0.995374379435385	0.949211631071733	0.946767191542567	0.996328473122365	0.990047492636273	0.986701558965862	0.995927998046105	0.939011900885476	0.952244722394126	0.994679745770927	0.986830066741416
8	0.992806110949978	0.995374379435385	0.949211631071733	0.947357648756799	0.996464394005537	0.99062225644427	0.986701558965862	0.99613532767785	0.939011900885476	0.953153885329943	0.994679745770927	0.988000487631137
8.05	0.992806110949978	0.995374379435385	0.949211631071733	0.947871290754496	0.996464394005537	0.99062225644427	0.987173710961032	0.996336447300202	0.939878470216275	0.953926651465256	0.995113673791005	0.988000487631137
8.1	0.993339551059666	0.995374379435385	0.950835035473556	0.948419857038549	0.996633639491125	0.991090293277051	0.987715245291764	0.996336447300202	0.940809594585605	0.953926651465256	0.995113673791005	0.988000487631137
8.15	0.993339551059666	0.995869472891935	0.950835035473556	0.949297540326224	0.996771735108428	0.991090293277051	0.987715245291764	0.996571792542499	0.940809594585605	0.954812187195739	0.995504332635292	0.988846941680484
8.2	0.993339551059666	0.995869472891935	0.950835035473556	0.949853983926496	0.996968228733419	0.991530737282093	0.988164189815986	0.996670023600153	0.94157754424172	0.955902616262061	0.995504332635292	0.988846941680484
8.25	0.993816016691667	0.995869472891935	0.952321684584256	0.950438453469729	0.997116750281996	0.99191816487912	0.988592807796686	0.996670023600153	0.942360593211932	0.955902616262061	0.995817519050542	0.988846941680484
8.3	0.993816016691667	0.996316696823915	0.952321684584256	0.951009513361943	0.997116750281996	0.99191816487912	0.988592807796686	0.996868179354386	0.942360593211932	0.956754760863241	0.995817519050542	0.988846941680484
8.35	0.994350251794067	0.996316696823915	0.95390826498877	0.951525295439769	0.997258108000495	0.992376309943466	0.989175395343269	0.997018066399255	0.943266989719045	0.95757284353118	0.996092896447899	0.989861483385951
8.4	0.994350251794067	0.996316696823915	0.95390826498877	0.952220411679018	0.9974256904541	0.992376309943466	0.989175395343269	0.997160826046981	0.944072286470898	0.95757284353118	0.996092896447899	0.989861483385951
8.45	0.994350251794067	0.996755970108215	0.95390826498877	0.952709715956954	0.997518564394038	0.992780310591116	0.989696363053194	0.997160826046981	0.944072286470898	0.958204517238431	0.996397016940603	0.989861483385951
8.5	0.99472336837352	0.996755970108215	0.955393545177638	0.953159132783981	0.997518564394038	0.992780310591116	0.989984775899057	0.997287848966362	0.944926893060093	0.959198648672922	0.996397016940603	0.990676796985321
8.55	0.99472336837352	0.996755970108215	0.955393545177638	0.953713299703264	0.997603634876211	0.993154462393666	0.989984775899057	0.997373236595501	0.945814470132244	0.959198648672922	0.996687744593182	0.990676796985321
8.6	0.99472336837352	0.996755970108215	0.955393545177638	0.954261888754127	0.997706487008042	0.993523841851795	0.990370099942573	0.997373236595501	0.945814470132244	0.959952930433085	0.996687744593182	0.990676796985321
8.65	0.995214276373121	0.997066045367721	0.956695800517425	0.954744431289529	0.997784201771833	0.993523841851795	0.990655311757961	0.997519595225942	0.94655470124074	0.960713771165075	0.996687744593182	0.990676796985321
8.7	0.995214276373121	0.997066045367721	0.956695800517425	0.955507438155839	0.997845094327494	0.993862244456141	0.990655311757961	0.997597714321361	0.94737932803238	0.960713771165075	0.996973321153404	0.991509096284679
8.75	0.995590307925852	0.997066045367721	0.956695800517425	0.956110075613357	0.997845094327494	0.993862244456141	0.991082729352233	0.997711470402495	0.94737932803238	0.961542214027151	0.996973321153404	0.991509096284679
8.8	0.995590307925852	0.997294295211524	0.95817642637206	0.956706998601594	0.997941486219701	0.994142684768256	0.991082729352233	0.997711470402495	0.94810584575416	0.962289787747945	0.997262297434581	0.991509096284679
8.85	0.995590307925852	0.997294295211524	0.95817642637206	0.957253948442146	0.998029754840303	0.994381649068864	0.991505265375029	0.997843785943517	0.948856070128509	0.962289787747945	0.997262297434581	0.992278760815335
8.9	0.995963159507735	0.997294295211524	0.959680187005674	0.957777175266803	0.998145335563075	0.994381649068864	0.991780634021704	0.997923810382726	0.949523503577735	0.963132392026467	0.997430635132778	0.992278760815335
8.95	0.995963159507735	0.997643129878468	0.959680187005674	0.958491370092731	0.998145335563075	0.994667642654485	0.991780634021704	0.997923810382726	0.949523503577735	0.963812140015862	0.997430635132778	0.992278760815335
9	0.995963159507735	0.997643129878468	0.959680187005674	0.958922391337374	0.998216973863853	0.994667642654485	0.992130186549654	0.998040318627114	0.950510429760033	0.963812140015862	0.99760989314677	0.992278760815335
9.05	0.996359595873405	0.997643129878468	0.961098663809088	0.959382895600812	0.998316180117877	0.994938364737963	0.992509988815599	0.998121613295517	0.951261164739206	0.964362273777894	0.99760989314677	0.992973582105424
9.1	0.996359595873405	0.997643129878468	0.961098663809088	0.959818219772524	0.998452420814892	0.994938364737963	0.992509988815599	0.998121613295517	0.951261164739206	0.965107909620648	0.997782145675158	0.992973582105424
9.15	0.99657901386189	0.997788891752594	0.961098663809088	0.960219370962605	0.998553034249824	0.995184357400353	0.992774553984419	0.998203543078518	0.952109133465682	0.965107909620648	0.997782145675158	0.992973582105424
9.2	0.99657901386189	0.997788891752594	0.962621178671815	0.96102706907671	0.998553034249824	0.995432692850004	0.992774553984419	0.99823106471105	0.952954695055128	0.965832154271191	0.997965524563035	0.993553219117476
9.25	0.99657901386189	0.997788891752594	0.962621178671815	0.961516350587836	0.99858987680451	0.995432692850004	0.993078251750804	0.998286531385846	0.952954695055128	0.966562287089625	0.997965524563035	0.993553219117476
9.3	0.996810886736196	0.998030061398877	0.962621178671815	0.962054421372534	0.99872899582611	0.995609096053757	0.993366024390572	0.998286531385846	0.953510524878418	0.966562287089625	0.998067516191686	0.993553219117476
9.35	0.996810886736196	0.998030061398877	0.963943009593815	0.962473922611379	0.998785027211361	0.995609096053757	0.993366024390572	0.998379681526725	0.954294813888918	0.96729830807595	0.998067516191686	0.993553219117476
9.4	0.996810886736196	0.998030061398877	0.963943009593815	0.963101649093383	0.998785027211361	0.995796519034626	0.993712455913808	0.998454766185737	0.954294813888918	0.968077782250632	0.998189391036831	0.994209645648219
9.45	0.997149553631467	0.998237772069507	0.9652559425239	0.96379908754724	0.998832039846246	0.995796519034626	0.993976861031103	0.998454766185737	0.955047591287389	0.968077782250632	0.998189391036831	0.994209645648219
9.5	0.997149553631467	0.998237772069507	0.9652559425239	0.964282791189946	0.998945637723194	0.996023509089234	0.993976861031103	0.998502046939062	0.955863100135733	0.968882374306063	0.998322083175925	0.994209645648219
9.55	0.997340351882324	0.998237772069507	0.9652559425239	0.964740085333191	0.998983759533251	0.996357573198652	0.994262553001062	0.998559207252783	0.955863100135733	0.96947387431087	0.998322083175925	0.994209645648219
9.6	0.997340351882324	0.998237772069507	0.966453749127826	0.965151800323056	0.999002948363816	0.996357573198652	0.994262553001062	0.998626388263477	0.956589326083328	0.96947387431087	0.998408312461966	0.994735140741564
9.65	0.997340351882324	0.998372270526088	0.966453749127826	0.965536468342785	1	0.996540570914695	0.994531439561023	0.998626388263477	0.957215181711127	0.970146914260897	0.998408312461966	0.994735140741564
9.7	0.9975724897542	0.998372270526088	0.966453749127826	0.966349334522732	1	0.996540570914695	0.994763834373561	0.998723066818784	0.95773906226111	0.970873618525876	0.998524521105519	0.994735140741564
9.75	0.9975724897542	0.998372270526088	0.967697825289708	0.966806947401316	1	0.996773808401999	0.994763834373561	0.99877175893788	0.95773906226111	0.970873618525876	0.998524521105519	0.995270367225526
9.8	0.9975724897542	0.998499315250469	0.967697825289708	0.967139456659609	1	0.996773808401999	0.994998149804385	0.99877175893788	0.958452596031638	0.971586384975721	0.998641966011238	0.995270367225526
9.85	0.997758783046356	0.998499315250469	0.967697825289708	0.967610934525409	1	0.996960103374186	0.995214699516068	0.99881099490631	0.959191149438568	0.972216046271161	0.998641966011238	0.995270367225526
9.9	0.997758783046356	0.998499315250469	0.968821436330282	0.968055069452544	1	0.997138155206012	0.995214699516068	0.998860392708292	0.959191149438568	0.972216046271161	0.998721086789828	0.995270367225526
9.95	0.997858157135344	0.998608636656064	0.968821436330282	0.968571215799328	1	0.997138155206012	0.995423086600038	0.998900193223031	0.959845890710727	0.97290004268549	0.998721086789828	0.995785600125128
10	0.997858157135344	0.998608636656064	0.97002061185604	0.968910805535495	1	0.997208004974345	0.995423086600038	0.998900193223031	0.960455479927687	0.973489306677175	0.998791038624024	0.995785600125128
10.05	0.997858157135344	0.998608636656064	0.97002061185604	0.96923168095394	1	0.997208004974345	0.995613147784535	0.998980358798818	0.960455479927687	0.973489306677175	0.998791038624024	0.995785600125128
10.1	0.997978996027554	0.998608636656064	0.97002061185604	0.969604532999341	1	0.997379115214286	0.995794646212509	0.999040906390389	0.961069518700975	0.974062844043227	0.998871807752167	0.996128498943613
10.15	0.997978996027554	0.998709676136992	0.970993093926245	0.970100507952572	1	0.997379115214286	0.995794646212509	1	0.961738702795313	0.974833225097876	0.998871807752167	0.996128498943613
10.2	0.998254461002229	0.998709676136992	0.970993093926245	0.970721632059712	1	0.99748063599559	0.996018238191238	1	0.961738702795313	0.974833225097876	0.998973799380818	0.996128498943613
10.25	0.998254461002229	0.998709676136992	0.970993093926245	0.971141133298556	1	0.997572785627851	0.996223104141685	1	0.962382064874239	0.975558215086127	0.998973799380818	0.996128498943613
10.3	0.998254461002229	0.998740484896751	0.972060852956029	0.971480267698525	1	0.997572785627851	0.996223104141685	1	0.962988882236437	0.976175354708078	0.998973799380818	0.996559511080781
10.35	0.998419819486305	0.998740484896751	0.972060852956029	0.971913907126305	1	0.997717344278835	0.996460540577223	1	0.962988882236437	0.976175354708078	0.999035612489091	0.996559511080781
10.4	0.998419819486305	0.998740484896751	0.972060852956029	0.972204297786322	1	0.997717344278835	0.996460540577223	1	0.96356892931712	0.976683004220773	1	0.996559511080781
10.45	0.998419819486305	0.998813531472308	0.973142848772878	0.972757030396583	1	0.997831880544922	0.996637397511007	1	0.964080044746489	0.977267348983587	1	0.996830928411821
10.5	0.998566363142866	0.998813531472308	0.973142848772878	0.973144908536504	1	0.997936872122168	0.996773681383511	1	0.964080044746489	0.977267348983587	1	0.996830928411821
10.55	0.998566363142866	0.998813531472308	0.974302325565478	0.973408115625524	1	0.997936872122168	0.996773681383511	1	0.964699773116393	0.977950450992667	1	0.996830928411821
10.6	0.998651162365469	0.9989725444259	0.974302325565478	0.973788731153094	1	0.998116832891761	0.99691100559092	1	0.965450726926206	0.978458473174215	1	0.996830928411821
10.65	0.998651162365469	0.9989725444259	0.974302325565478	0.974287847926088	1	0.998116832891761	0.997081300412229	1	0.965993864572428	0.978458473174215	1	0.997191874536543
10.7	0.998651162365469	0.9989725444259	0.975145855199008	0.974821615783719	1	0.998255577959543	0.997081300412229	1	0.965993864572428	0.978863489684563	1	0.997191874536543
10.75	0.998747753979965	0.9989725444259	0.975145855199008	0.975090082005822	1	0.998255577959543	0.997209981837353	1	0.966594335846093	0.979346468519134	1	0.997191874536543
10.8	0.998747753979965	0.99905867644243	0.975145855199008	0.975456604878076	1	0.998298615829224	0.997209981837353	1	0.967252870182662	0.979346468519134	1	0.997461699458209
10.85	0.998747753979965	1	0.975827167595321	0.975889697902419	1	0.998407078202412	0.99733962357162	1	0.967252870182662	0.97993006794424	1	0.997461699458209
10.9	0.998867267884322	1	0.975827167595321	0.976215855220756	1	0.998407078202412	0.997394041089708	1	0.967970197017601	0.9805285741235	1	0.997461699458209
10.95	0.998867267884322	1	0.976582812447168	0.976729428918024	1	0.998527341281803	0.997394041089708	1	0.968626688934872	0.9805285741235	1	0.997461699458209
11	0.998955247077772	1	0.976582812447168	0.977015084081585	1	0.998527341281803	0.997514639912881	1	0.968626688934872	0.981021615017124	1	0.997724977808006
11.05	0.998955247077772	1	0.976582812447168	0.977334889459966	1	0.998648558830078	0.99759194479887	1	0.96921045613642	0.981506978932359	1	0.997724977808006
11.1	0.998955247077772	1	0.977536403396076	0.977611802168534	1	0.998648558830078	0.99759194479887	1	0.969842439022113	0.981506978932359	1	0.997724977808006
11.15	0.998999766669639	1	0.977536403396076	0.977945427000512	1	0.998726304659179	0.997703180607901	1	0.969842439022113	0.982062255524573	1	0.998014796314032
11.2	0.998999766669639	1	0.977536403396076	0.978549157264904	1	0.998827044511396	0.997703180607901	1	0.970590183315885	0.982487098017946	1	0.998014796314032
11.25	0.998999766669639	1	0.978445641277593	0.978785021415258	1	0.998827044511396	0.997815216674552	1	0.971151848622884	0.982487098017946	1	0.998014796314032
11.3	0.999123653033911	1	0.978445641277593	0.979067079422859	1	0.998894725032265	0.997928052998821	1	0.971151848622884	0.982847245198292	1	0.998014796314032
11.35	1	1	0.978445641277593	0.979316284923803	1	0.998894725032265	0.997928052998821	1	0.971694548607829	0.983323068790869	1	0.998116710513954
11.4	1	1	0.97950231204053	0.979657491103471	1	0.998940192459106	0.998064416897087	1	0.972240749882998	0.983323068790869	1	0.998116710513954
11.45	1	1	0.97950231204053	0.979908677316874	1	0.998940192459106	0.998178853736595	1	0.972240749882998	0.983779215467964	1	0.998116710513954
11.5	1	1	0.980180749700993	0.980379403877948	1	0.998963099712323	0.998178853736595	1	0.972653026807045	0.9841694742917	1	0.998289221529446
11.55	1	1	0.980180749700993	0.980702328309283	1	0.998986180505337	0.998294090833721	1	0.973160130341364	0.9841694742917	1	0.998289221529446
11.6	1	1	0.980180749700993	0.980991717229664	1	0.998986180505337	0.998294090833721	1	0.973798021654313	0.984654689139394	1	0.998289221529446
11.65	1	1	0.98107670904073	0.98120092144565	1	0.999021062004555	0.998375316982043	1	0.973798021654313	0.985177916210178	1	0.998289221529446
11.7	1	1	0.98107670904073	0.981457639993854	1	1	0.998410368265752	1	0.974393240992639	0.985458759458429	1	0.998499419566783
11.75	1	1	0.98107670904073	0.981879668348595	1	1	0.998410368265752	1	0.974980436540865	0.985458759458429	1	0.998499419566783
11.8	1	1	0.981924345439759	0.982280295902049	1	1	0.998528006135735	1	0.974980436540865	0.985835602203427	1	0.998499419566783
11.85	1	1	0.981924345439759	0.982528659031028	1	1	0.998563537574016	1	0.97544129386679	0.986226680898642	1	0.998499419566783
11.9	1	1	0.981924345439759	0.982801792449155	1	1	0.998563537574016	1	0.975976334779366	0.986226680898642	1	0.998617965597942
11.95	1	1	0.982769928456038	0.983111625964809	1	1	0.998658928282192	1	0.975976334779366	0.986572517595001	1	0.998617965597942
12	1	1	0.982769928456038	0.983410895680679	1	1	0.998658928282192	1	0.976430918960304	0.986896515896525	1	0.998617965597942
12.05	1	1	0.983480672671762	0.983687626254767	1	1	0.998694939875045	1	0.976912346366303	0.986896515896525	1	0.99876234404783
12.1	1	1	0.983480672671762	0.983917092931545	1	1	0.998731191545182	1	0.976912346366303	0.98722252660986	1	0.99876234404783
12.15	1	1	0.983480672671762	0.984171534798762	1	1	0.998731191545182	1	0.977505669172423	0.987659890776722	1	0.99876234404783
12.2	1	1	0.984236043739243	0.984427023939232	1	1	0.99874335546099	1	0.97789547948419	0.987659890776722	1	0.99876234404783
12.25	1	1	0.984236043739243	0.984744871371964	1	1	0.998816819110408	1	0.97789547948419	0.988112161697736	1	0.998823386407158
12.3	1	1	0.984236043739243	0.985015181705666	1	1	0.998816819110408	1	0.978250860442073	0.98849340193521	1	0.998823386407158
12.35	1	1	0.984802777378129	0.985237044267944	1	1	0.998841467045071	1	0.978780941193496	0.98849340193521	1	0.998823386407158
12.4	1	1	0.984802777378129	0.985533900701967	1	1	0.998841467045071	1	0.979202554891477	0.98886458011363	1	0.998934855063322
12.45	1	1	0.984802777378129	0.985744949029552	1	1	0.998878679024351	1	0.979202554891477	0.98912597004771	1	0.998934855063322
12.5	1	1	0.985400722434808	0.986156709553038	1	1	0.998978551175194	1	0.979713962095032	0.98912597004771	1	0.998934855063322
12.55	1	1	0.985400722434808	0.986369829660322	1	1	0.998978551175194	1	0.980253452563936	0.989338838497021	1	0.998934855063322
12.6	1	1	0.9861059909632	0.986520864677065	1	1	0.999016243309046	1	0.980253452563936	0.989678936093031	1	0.999123290172552
12.65	1	1	0.9861059909632	0.986748100206474	1	1	1	1	0.980644648803084	0.989678936093031	1	1
12.7	1	1	0.9861059909632	0.986912818075955	1	1	1	1	0.981063490646303	0.990021046100851	1	1
12.75	1	1	0.986653422804239	0.987192758770236	1	1	1	1	0.981063490646303	0.990199479948068	1	1
12.8	1	1	0.986653422804239	0.987320617174521	1	1	1	1	0.981306027937962	0.990199479948068	1	1
12.85	1	1	0.986653422804239	0.987500224537662	1	1	1	1	0.981588465349481	0.990507155353794	1	1
12.9	1	1	0.987271080335315	0.987693332619063	1	1	1	1	0.981588465349481	0.990752147858306	1	1
12.95	1	1	0.987271080335315	0.987861328909165	1	1	1	1	0.982027439611497	0.990752147858306	1	1
13	1	1	0.987271080335315	0.988198664731154	1	1	1	1	0.982339054441562	0.991089338637256	1	1
13.05	1	1	0.987830284904119	0.988407208709653	1	1	1	1	0.982339054441562	0.991298033195404	1	1
13.1	1	1	0.987830284904119	0.988590322161516	1	1	1	1	0.982665476811538	0.991298033195404	1	1
13.15	1	1	0.988434800785597	0.988734732036583	1	1	1	1	0.982888684063411	0.991494802350229	1	1
13.2	1	1	0.988434800785597	0.988919143196609	1	1	1	1	0.982888684063411	0.991798229331021	1	1
13.25	1	1	0.988434800785597	0.989249853876922	1	1	1	1	0.983337578647732	0.991798229331021	1	1
13.3	1	1	0.988926106831481	0.989435767646401	1	1	1	1	0.983735850410876	0.992076836566149	1	1
13.35	1	1	0.988926106831481	0.989649047121354	1	1	1	1	0.984096264473459	0.992303642830593	1	1
13.4	1	1	0.988926106831481	0.989796166246797	1	1	1	1	0.984096264473459	0.992303642830593	1	1
13.45	1	1	0.989368816152292	0.989984106262355	1	1	1	1	0.9844183831742	0.992504884011664	1	1
13.5	1	1	0.989368816152292	0.990294190212917	1	1	1	1	0.984877198080826	0.992747715036823	1	1
13.55	1	1	0.98977538593671	0.99045658586779	1	1	1	1	0.984877198080826	0.992747715036823	1	1
13.6	1	1	0.98977538593671	0.990646620429856	1	1	1	1	0.985175683072546	0.993032583108695	1	1
13.65	1	1	0.98977538593671	0.990728376044134	1	1	1	1	0.985448491935945	0.993196259269299	1	1
13.7	1	1	0.990172373268297	0.990919731081174	1	1	1	1	0.985448491935945	0.993196259269299	1	1
13.75	1	1	0.990172373268297	0.991194367108753	1	1	1	1	0.985818753377286	0.993374544048974	1	1
13.8	1	1	0.990172373268297	0.991346016829363	1	1	1	1	0.986204770624642	0.993608952758037	1	1
13.85	1	1	0.990614808804741	0.991553513534607	1	1	1	1	0.986204770624642	0.993608952758037	1	1
13.9	1	1	0.990614808804741	0.991706142228041	1	1	1	1	0.986481956100823	0.993789175415751	1	1
13.95	1	1	0.990614808804741	0.991873205078938	1	1	1	1	0.986690939361155	0.993998242642753	1	1
14	1	1	0.991075587893748	0.992124960462589	1	1	1	1	0.986690939361155	0.993998242642753	1	1
14.05	1	1	0.991075587893748	0.992391605339901	1	1	1	1	0.986957037418289	0.994166390829603	1	1
14.1	1	1	0.991470384950402	0.992447930427543	1	1	1	1	0.98740753676063	0.994434041600428	1	1
14.15	1	1	0.991470384950402	0.992617406560288	1	1	1	1	0.987733010864504	0.994434041600428	1	1
14.2	1	1	0.991470384950402	0.9927591527186	1	1	1	1	0.987733010864504	0.994632301430668	1	1
14.25	1	1	0.991740883904614	0.992887102190124	1	1	1	1	0.988060162669944	0.994845840683916	1	1
14.3	1	1	0.991740883904614	0.993086972014058	1	1	1	1	0.98828891363134	0.994845840683916	1	1
14.35	1	1	0.991740883904614	0.993287684209958	1	1	1	1	0.98828891363134	0.994960324555814	1	1
14.4	1	1	0.992186467961274	0.993402770433901	1	1	1	1	0.988432612417676	0.995118559751153	1	1
14.45	1	1	0.992186467961274	0.993561432331953	1	1	1	1	0.988620369106015	0.995118559751153	1	1
14.5	1	1	0.992186467961274	0.993619305562667	1	1	1	1	0.988620369106015	0.995234236163383	1	1
14.55	1	1	0.992505700532743	0.993778946433544	1	1	1	1	0.988852621357637	0.995379577016379	1	1
14.6	1	1	0.992505700532743	0.993837275000456	1	1	1	1	0.989042274578182	0.995379577016379	1	1
14.65	1	1	0.992784002341404	0.993998168045876	1	1	1	1	0.989042274578182	0.995481837349871	1	1
14.7	1	1	0.992784002341404	0.994086230066491	1	1	1	1	0.989408815898659	0.995687401489647	1	1
14.75	1	1	0.992784002341404	0.994218687366372	1	1	1	1	0.989644569440505	0.995687401489647	1	1
14.8	1	1	0.993183179947923	0.994307364090853	1	1	1	1	0.989644569440505	0.995849736042377	1	1
14.85	1	1	0.993183179947923	0.99436671716421	1	1	1	1	0.989911105158918	0.995998058246204	1	1
14.9	1	1	0.993183179947923	0.994441119098897	1	1	1	1	0.990178953861165	0.995998058246204	1	1
14.95	1	1	0.993645738635314	0.994530683728964	1	1	1	1	0.990178953861165	0.996117312279431	1	1
15	1	1	0.993645738635314	0.994605540999849	1	1	1	1	0.990433162120241	0.996192218719052	1	1
15.05	1	1	0.993645738635314	0.994770828039576	1	1	1	1	0.990658557678505	0.996192218719052	1	1
15.1	1	1	0.99396195957875	0.994891492131939	1	1	1	1	0.990885047389963	0.996267497827527	1	1
15.15	1	1	0.99396195957875	0.994952029079409	1	1	1	1	0.990885047389963	0.996343149604855	1	1
15.2	1	1	0.99435703041977	0.995027865323118	1	1	1	1	0.99108228673933	0.996343149604855	1	1
15.25	1	1	0.99435703041977	0.995164875984975	1	1	1	1	0.9912804743548	0.996479993607984	1	1
15.3	1	1	0.99435703041977	0.99527178892417	1	1	1	1	0.9912804743548	0.996632787838056	1	1
15.35	1	1	0.994602341212254	0.995379157199563	1	1	1	1	0.991556200960054	0.996632787838056	1	1
15.4	1	1	0.994602341212254	0.995456040716527	1	1	1	1	0.991771676196011	0.996770973449058	1	1
15.45	1	1	0.994602341212254	0.995533220202019	1	1	1	1	0.991771676196011	0.996894401373449	1	1
15.5	1	1	0.994911717546525	0.995626040485899	1	1	1	1	0.992019100705277	0.996894401373449	1	1
15.55	1	1	0.994911717546525	0.995765737631321	1	1	1	1	0.992174470459031	0.997002922543685	1	1
15.6	1	1	0.994911717546525	0.995890431449033	1	1	1	1	0.992174470459031	0.997143120566498	1	1
15.65	1	1	0.995161408888875	0.99603113033409	1	1	1	1	0.992268129972562	0.997205728933943	1	1
15.7	1	1	0.995161408888875	0.996093830128499	1	1	1	1	0.992362227147371	0.997205728933943	1	1
15.75	1	1	0.995429033107238	0.996219593986275	1	1	1	1	0.992362227147371	0.997315815313366	1	1
15.8	1	1	0.995429033107238	0.996377413512361	1	1	1	1	0.992614320043603	0.997473826907392	1	1
15.85	1	1	0.995429033107238	0.996456596477123	1	1	1	1	0.99274095004009	0.997473826907392	1	1
15.9	1	1	0.99566722550619	0.996520093109878	1	1	1	1	0.99291586866427	0.997537329680085	1	1
15.95	1	1	0.99566722550619	0.9966634784785	1	1	1	1	0.99291586866427	0.997601130587862	1	1
16	1	1	0.99566722550619	0.996759303981284	1	1	1	1	0.993043665757498	0.997601130587862	1	1
16.05	1	1	0.995907471287891	0.996887594954957	1	1	1	1	0.993252284300098	0.997729328673581	1	1
16.1	1	1	0.995907471287891	0.996967984560642	1	1	1	1	0.993252284300098	0.997825924440495	1	1
16.15	1	1	0.995907471287891	0.997000222363432	1	1	1	1	0.993413489537561	0.997825924440495	1	1
16.2	1	1	0.996069004064192	0.997016386798447	1	1	1	1	0.993575424210488	0.997922967410034	1	1
16.25	1	1	0.996069004064192	0.997048806735715	1	1	1	1	0.993575424210488	0.99800420922017	1	1
16.3	1	1	0.996183035252886	0.997113851511542	1	1	1	1	0.993705555497201	0.99800420922017	1	1
16.35	1	1	0.996183035252886	0.997179192255897	1	1	1	1	0.993868949041055	0.998102146594958	1	1
16.4	1	1	0.996183035252886	0.997228323031617	1	1	1	1	0.993868949041055	0.998151338883664	1	1
16.45	1	1	0.996347305872853	0.997277613175007	1	1	1	1	0.993983835126577	0.998151338883664	1	1
16.5	1	1	0.996347305872853	0.997310556748903	1	1	1	1	0.994214628507272	0.998200754773683	1	1
16.55	1	1	0.996347305872853	0.997376648797984	1	1	1	1	0.994214628507272	0.998233847767904	1	1
16.6	1	1	0.996595765185553	0.997426394277571	1	1	1	1	0.994330535802443	0.998233847767904	1	1
16.65	1	1	0.996595765185553	0.997443014048784	1	1	1	1	0.994480215959581	0.998300331891428	1	1
16.7	1	1	0.996695970263732	0.99749300996328	1	1	1	1	0.994480215959581	0.998350418585383	1	1
16.75	1	1	0.996695970263732	0.997509720801731	1	1	1	1	0.994630552608636	0.998350418585383	1	1
16.8	1	1	0.996695970263732	0.997576791823637	1	1	1	1	0.994798322765272	0.998400728880651	1	1
16.85	1	1	0.996881185387745	0.997610441168639	1	1	1	1	0.994899422520532	0.998451262777231	1	1
16.9	1	1	0.996881185387745	0.997644227114501	1	1	1	1	0.994899422520532	0.998451262777231	1	1
16.95	1	1	0.996881185387745	0.997644227114501	1	1	1	1	0.995068651548096	0.998485101109159	1	1
17	1	1	0.997101855587234	0.997661188387862	1	1	1	1	0.995187622472214	0.998553075908099	1	1
17.05	1	1	0.997101855587234	0.997780463704822	1	1	1	1	0.995187622472214	0.998553075908099	1	1
17.1	1	1	0.997101855587234	0.997814636686451	1	1	1	1	0.995290035211309	0.998655485309133	1	1
17.15	1	1	0.997255859293453	0.99784890073532	1	1	1	1	0.995410027345077	0.998689770843686	1	1
17.2	1	1	0.997255859293453	0.997900444792888	1	1	1	1	0.995410027345077	0.998689770843686	1	1
17.25	1	1	0.997359349784032	0.997917656501157	1	1	1	1	0.995461671375902	0.998793074649969	1	1
17.3	1	1	0.997359349784032	0.998004033777841	1	1	1	1	0.995513534237367	0.998827658319605	1	1
17.35	1	1	0.997359349784032	0.998056010404796	1	1	1	1	0.995513534237367	0.998827658319605	1	1
17.4	1	1	0.997428891013151	0.998090775323483	1	1	1	1	0.995635058185608	0.998862391056782	1	1
17.45	1	1	0.997428891013151	0.998160510062144	1	1	1	1	0.995774526246255	0.998914713763861	1	1
17.5	1	1	0.997428891013151	0.9981954343485	1	1	1	1	0.995774526246255	0.998914713763861	1	1
17.55	1	1	0.997569068608857	0.998248002912512	1	1	1	1	0.995879564953019	0.998949744636121	1	1
17.6	1	1	0.997569068608857	0.998300730844194	1	1	1	1	0.996055358899755	0.998949744636121	1	1
17.65	1	1	0.997569068608857	0.998300730844194	1	1	1	1	0.996161272929074	0.998949744636121	1	1
17.7	1	1	0.997675023158735	0.998318397888661	1	1	1	1	0.996161272929074	0.999002738147137	1	1
17.75	1	1	0.997675023158735	0.998336133233557	1	1	1	1	0.996249899337906	1	1	1
17.8	1	1	0.997764003077884	0.998336133233557	1	1	1	1	0.996374486915095	1	1	1
17.85	1	1	0.997764003077884	0.998371786057829	1	1	1	1	0.996374486915095	1	1	1
17.9	1	1	0.997764003077884	0.99840752994934	1	1	1	1	0.996445971590531	1	1	1
17.95	1	1	0.997907466085988	0.998479268167271	1	1	1	1	0.996589524489774	1	1	1
18	1	1	0.997907466085988	0.998533202739876	1	1	1	1	0.996589524489774	1	1	1
18.05	1	1	0.997907466085988	0.998533202739876	1	1	1	1	0.996607541545726	1	1	1
18.1	1	1	0.998088163767952	0.998569379200775	1	1	1	1	0.996697991543217	1	1	1
18.15	1	1	0.998088163767952	0.998569379200775	1	1	1	1	0.996697991543217	1	1	1
18.2	1	1	0.998088163767952	0.998587547115059	1	1	1	1	0.996861458030618	1	1	1
18.25	1	1	0.99821561039061	0.998623974010867	1	1	1	1	0.99691616569039	1	1	1
18.3	1	1	0.99821561039061	0.998678796489057	1	1	1	1	0.99691616569039	1	1	1
18.35	1	1	0.998270641048299	0.998770455665633	1	1	1	1	0.996971092180802	1	1	1
18.4	1	1	0.998270641048299	0.998788851248016	1	1	1	1	0.997081382822903	1	1	1
18.45	1	1	0.998270641048299	0.998844106295594	1	1	1	1	0.997081382822903	1	1	1
18.5	1	1	0.998381523716776	0.998844106295594	1	1	1	1	0.997192111126283	1	1	1
18.55	1	1	0.998381523716776	0.998862615712027	1	1	1	1	0.997284749430165	1	1	1
18.6	1	1	0.998381523716776	0.998881193428888	1	1	1	1	0.997340551243133	1	1	1
18.65	1	1	0.998493227738354	0.99889983944618	1	1	1	1	0.997340551243133	1	1	1
18.7	1	1	0.998493227738354	0.998974537349396	1	1	1	1	0.997452592530347	1	1	1
18.75	1	1	0.998493227738354	0.999011988751648	1	1	1	1	0.997546324987425	1	1	1
18.8	1	1	0.998568244654805	1	1	1	1	1	0.997546324987425	1	1	1
18.85	1	1	0.998568244654805	1	1	1	1	1	0.99760278329231	1	1	1
18.9	1	1	0.998624918018694	1	1	1	1	1	0.997659460427834	1	1	1
18.95	1	1	0.998624918018694	1	1	1	1	1	0.997659460427834	1	1	1
19	1	1	0.998624918018694	1	1	1	1	1	0.997697391071943	1	1	1
19.05	1	1	0.99875811411305	1	1	1	1	1	0.997811620665549	1	1	1
19.1	1	1	0.99875811411305	1	1	1	1	1	0.997811620665549	1	1	1
19.15	1	1	0.99875811411305	1	1	1	1	1	0.997830731874696	1	1	1
19.2	1	1	0.998873103547027	1	1	1	1	1	0.997945836790857	1	1	1
19.25	1	1	0.998873103547027	1	1	1	1	1	0.997945836790857	1	1	1
19.3	1	1	0.998911707142719	1	1	1	1	1	0.998061379368297	1	1	1
19.35	1	1	0.998911707142719	1	1	1	1	1	0.998080709408084	1	1	1
19.4	1	1	0.998911707142719	1	1	1	1	1	0.998100112391416	1	1	1
19.45	1	1	0.998950584522778	1	1	1	1	1	0.998100112391416	1	1	1
19.5	1	1	0.998950584522778	1	1	1	1	1	0.998178016098932	1	1	1
19.55	1	1	0.998950584522778	1	1	1	1	1	0.998256211580634	1	1	1
19.6	1	1	0.999068038016054	1	1	1	1	1	0.998256211580634	1	1	1
19.65	1	1	1	1	1	1	1	1	0.998354320650493	1	1	1
19.7	1	1	1	1	1	1	1	1	0.998452794438084	1	1	1
19.75	1	1	1	1	1	1	1	1	0.998452794438084	1	1	1
19.8	1	1	1	1	1	1	1	1	0.998472562139148	1	1	1
19.85	1	1	1	1	1	1	1	1	0.99851224342837	1	1	1
19.9	1	1	1	1	1	1	1	1	0.99851224342837	1	1	1
19.95	1	1	1	1	1	1	1	1	0.998571984192842	1	1	1
20	1	1	1	1	1	1	1	1	0.998651930319656	1	1	1
20.05	1	1	1	1	1	1	1	1	0.998651930319656	1	1	1
20.1	1	1	1	1	1	1	1	1	0.998712108745406	1	1	1
20.15	1	1	1	1	1	1	1	1	0.998732241164202	1	1	1
20.2	1	1	1	1	1	1	1	1	0.998732241164202	1	1	1
20.25	1	1	1	1	1	1	1	1	0.998752446526545	1	1	1
20.3	1	1	1	1	1	1	1	1	0.998813281444212	1	1	1
20.35	1	1	1	1	1	1	1	1	0.998833632693648	1	1	1
20.4	1	1	1	1	1	1	1	1	0.998833632693648	1	1	1
20.45	1	1	1	1	1	1	1	1	0.998874481079611	1	1	1
20.5	1	1	1	1	1	1	1	1	0.998915475352667	1	1	1
20.55	1	1	1	1	1	1	1	1	0.998915475352667	1	1	1
20.6	1	1	1	1	1	1	1	1	0.998956615512816	1	1	1
20.65	1	1	1	1	1	1	1	1	0.998956615512816	1	1	1
20.7	1	1	1	1	1	1	1	1	0.998956615512816	1	1	1
20.75	1	1	1	1	1	1	1	1	0.998977331479984	1	1	1
20.8	1	1	1	1	1	1	1	1	0.999018909301411	1	1	1
